Bin   #(%) accepted   #(%) rejected    # F2    # F3    # F4    # F5    # F6    # F7    # F8
  1       4( 36.4)        7( 63.6)       0       0       0       0       0       0       0
  2       2( 40.0)        3( 60.0)       0       0       0       0       0       0       0
  3       4( 36.4)        7( 63.6)       0       0       0       0       0       0       0
  4       1( 20.0)        4( 80.0)       0       0       0       0       0       0       0
  5       0(  0.0)       11(100.0)       0       0       0       0       0       0       0
  6       1( 20.0)        4( 80.0)       0       0       0       0       0       0       0
  7      10( 90.9)        1(  9.1)       0       0       0       0       0       0       0
  8       3( 60.0)        2( 40.0)       0       0       0       0       0       0       0
  9       4( 36.4)        7( 63.6)       0       0       0       0       0       0       0
 10       3( 60.0)        2( 40.0)       0       0       0       0       0       0       0
 11       4( 36.4)        7( 63.6)       0       0       0       0       0       0       0
 12       4( 80.0)        1( 20.0)       0       0       0       0       0       0       0
 13       1( 10.0)        9( 90.0)       0       0       0       0       0       0       0
 14       2( 33.3)        4( 66.7)       0       0       0       0       0       0       0
 15       2( 20.0)        8( 80.0)       0       0       0       0       0       0       0
 16       1( 16.7)        5( 83.3)       0       0       0       0       0       0       0
 17       4( 40.0)        6( 60.0)       0       0       0       0       0       0       0
 18       1( 16.7)        5( 83.3)       0       0       0       0       0       0       0
 19       6( 60.0)        4( 40.0)       0       0       0       0       0       0       0
 20       2( 33.3)        4( 66.7)       0       0       0       0       0       0       0
 21       4( 40.0)        6( 60.0)       0       0       0       0       0       0       0
 22       3( 50.0)        3( 50.0)       0       0       0       0       0       0       0
 23       4( 40.0)        6( 60.0)       0       0       0       0       0       0       0
 24       2( 33.3)        4( 66.7)       0       0       0       0       0       0       0
____________________________________________________________________________________________________
Total    72( 37.5)      120( 62.5)       0       0       0       0       0       0       0

