Bin   #(%) accepted   #(%) rejected    # F2    # F3    # F4    # F5    # F6    # F7    # F8
  1      45( 90.0)        5( 10.0)       0       0       0       0       0       0       0
  2      47( 94.0)        3(  6.0)       0       0       0       0       0       0       0
  3      21( 84.0)        4( 16.0)       0       0       0       0       0       0       0
  4      23( 92.0)        2(  8.0)       0       0       0       0       0       0       0
  5      24( 96.0)        1(  4.0)       0       0       0       0       0       0       0
  6      24( 96.0)        1(  4.0)       0       0       0       0       0       0       0
  7      49( 98.0)        1(  2.0)       0       0       0       0       0       0       0
  8      48( 96.0)        2(  4.0)       0       0       0       0       0       0       0
____________________________________________________________________________________________________
Total   281( 93.7)       19(  6.3)       0       0       0       0       0       0       0

