#  Non-editable header begin --------------------------------------------------------------------------------
# 
#  data format...............: continuous
#  setname...................: m21_s170_vsl1_filt_rs_ref_elist
#  filename..................: none_specified
#  filepath..................: none_specified
#  nchan.....................: 33
#  pnts......................: 134240
#  srate.....................: 200
#  nevents...................: 578
#  generated by (bdf)........: 
#  generated by (set)........: m21_s170_vsl1_filt_rs_ref_elist
#  reported in ..............: 
#  prog Version..............: 7.0.0
#  creation date.............: 18-Jul-2019 11:57:10
#  user Account..............: 
# 
#  Non-editable header end --------------------------------------------------------------------------------




# item	 bepoch	  ecode	            label	      onset	          diff	     dura	b_flags	   a_flags	  enable	    bin
#                                                 (sec)           (msec)     (msec)    (binary)   (binary)


1     	0     	    -99	        boundary	      0.0000	      0.00	    NaN	    00000000     00000000	   1	[       ]
2     	0     	      4	              ""	     83.6320	  83632.00	    2.0	    00000000     00000000	   1	[       ]
3     	0     	     14	              ""	     84.6460	   1014.00	    2.0	    00000000     00000000	   1	[       ]
4     	0     	     14	              ""	     85.6540	   1008.00	    2.0	    00000000     00000000	   1	[       ]
5     	0     	     16	              ""	     86.6620	   1008.00	    2.0	    00000000     00000000	   1	[       ]
6     	0     	     16	              ""	     87.6700	   1008.00	    2.0	    00000000     00000000	   1	[       ]
7     	0     	     16	              ""	     88.6800	   1010.00	    2.0	    00000000     00000000	   1	[       ]
8     	0     	     17	              ""	     89.6880	   1008.00	    2.0	    00000000     00000000	   1	[       ]
9     	0     	     17	              ""	     90.6960	   1008.00	    2.0	    00000000     00000000	   1	[       ]
10    	0     	     17	              ""	     91.7040	   1008.00	    2.0	    00000000     00000000	   1	[       ]
11    	0     	     12	              ""	     92.7120	   1008.00	    2.0	    00000000     00000000	   1	[       ]
12    	0     	     12	              ""	     93.7220	   1010.00	    2.0	    00000000     00000000	   1	[       ]
13    	0     	     12	              ""	     94.7300	   1008.00	    2.0	    00000000     00000000	   1	[       ]
14    	0     	     18	              ""	     95.7380	   1008.00	    2.0	    00000000     00000000	   1	[       ]
15    	0     	     18	              ""	     96.7460	   1008.00	    2.0	    00000000     00000000	   1	[       ]
16    	0     	     18	              ""	     97.7560	   1009.99	    2.0	    00000000     00000000	   1	[       ]
17    	0     	     15	              ""	     98.7640	   1008.00	    2.0	    00000000     00000000	   1	[       ]
18    	0     	     15	              ""	     99.7720	   1008.00	    2.0	    00000000     00000000	   1	[       ]
19    	0     	     15	              ""	    100.7800	   1008.00	    2.0	    00000000     00000000	   1	[       ]
20    	0     	     13	              ""	    101.7880	   1008.00	    2.0	    00000000     00000000	   1	[       ]
21    	0     	     13	              ""	    102.7980	   1009.99	    2.0	    00000000     00000000	   1	[       ]
22    	0     	     13	              ""	    103.8060	   1008.00	    2.0	    00000000     00000000	   1	[       ]
23    	0     	     11	              ""	    104.8140	   1008.00	    2.0	    00000000     00000000	   1	[       ]
24    	0     	     11	              ""	    105.8220	   1008.00	    2.0	    00000000     00000000	   1	[       ]
25    	0     	     11	              ""	    106.8300	   1008.00	    2.0	    00000000     00000000	   1	[       ]
26    	0     	     22	              ""	    107.8400	   1009.99	    2.0	    00000000     00000000	   1	[       ]
27    	0     	     22	              ""	    108.8480	   1008.00	    2.0	    00000000     00000000	   1	[       ]
28    	0     	     22	              ""	    109.8560	   1008.00	    2.0	    00000000     00000000	   1	[       ]
29    	0     	     23	              ""	    110.8640	   1008.00	    2.0	    00000000     00000000	   1	[       ]
30    	0     	     23	              ""	    111.8740	   1010.00	    2.0	    00000000     00000000	   1	[       ]
31    	0     	     23	              ""	    112.8820	   1008.00	    2.0	    00000000     00000000	   1	[       ]
32    	0     	     26	              ""	    113.8900	   1008.00	    2.0	    00000000     00000000	   1	[       ]
33    	0     	     26	              ""	    114.8980	   1008.00	    2.0	    00000000     00000000	   1	[       ]
34    	0     	     26	              ""	    115.9060	   1008.00	    2.0	    00000000     00000000	   1	[       ]
35    	0     	     21	              ""	    116.9160	   1010.00	    2.0	    00000000     00000000	   1	[       ]
36    	0     	     21	              ""	    117.9240	   1008.00	    2.0	    00000000     00000000	   1	[       ]
37    	0     	     21	              ""	    118.9320	   1008.00	    2.0	    00000000     00000000	   1	[       ]
38    	0     	     27	              ""	    119.9400	   1008.00	    2.0	    00000000     00000000	   1	[       ]
39    	0     	     27	              ""	    120.9480	   1008.00	    2.0	    00000000     00000000	   1	[       ]
40    	0     	     27	              ""	    121.9580	   1010.00	    2.0	    00000000     00000000	   1	[       ]
41    	0     	     25	              ""	    122.9660	   1008.00	    2.0	    00000000     00000000	   1	[       ]
42    	0     	     25	              ""	    123.9740	   1008.00	    2.0	    00000000     00000000	   1	[       ]
43    	0     	     25	              ""	    124.9820	   1008.00	    2.0	    00000000     00000000	   1	[       ]
44    	0     	     28	              ""	    125.9920	   1009.99	    2.0	    00000000     00000000	   1	[       ]
45    	0     	     28	              ""	    127.0000	   1008.00	    2.0	    00000000     00000000	   1	[       ]
46    	0     	     28	              ""	    128.0080	   1008.00	    2.0	    00000000     00000000	   1	[       ]
47    	0     	     24	              ""	    129.0160	   1008.01	    2.0	    00000000     00000000	   1	[       ]
48    	0     	     24	              ""	    130.0240	   1008.00	    2.0	    00000000     00000000	   1	[       ]
49    	0     	     24	              ""	    131.0340	   1009.99	    2.0	    00000000     00000000	   1	[       ]
50    	0     	     33	              ""	    132.0420	   1008.01	    2.0	    00000000     00000000	   1	[       ]
51    	0     	     33	              ""	    133.0500	   1008.00	    2.0	    00000000     00000000	   1	[       ]
52    	0     	     33	              ""	    134.0580	   1008.00	    2.0	    00000000     00000000	   1	[       ]
53    	0     	     36	              ""	    135.0660	   1008.00	    2.0	    00000000     00000000	   1	[       ]
54    	0     	     36	              ""	    136.0760	   1010.01	    2.0	    00000000     00000000	   1	[       ]
55    	0     	     36	              ""	    137.0840	   1008.00	    2.0	    00000000     00000000	   1	[       ]
56    	0     	     37	              ""	    138.0920	   1008.00	    2.0	    00000000     00000000	   1	[       ]
57    	0     	     37	              ""	    139.1000	   1008.01	    2.0	    00000000     00000000	   1	[       ]
58    	0     	     37	              ""	    140.1100	   1009.99	    2.0	    00000000     00000000	   1	[       ]
59    	0     	     31	              ""	    141.1180	   1008.00	    2.0	    00000000     00000000	   1	[       ]
60    	0     	     31	              ""	    142.1260	   1008.01	    2.0	    00000000     00000000	   1	[       ]
61    	0     	     31	              ""	    143.1340	   1008.00	    2.0	    00000000     00000000	   1	[       ]
62    	0     	     32	              ""	    144.1420	   1008.00	    2.0	    00000000     00000000	   1	[       ]
63    	0     	     32	              ""	    145.1520	   1009.99	    2.0	    00000000     00000000	   1	[       ]
64    	0     	     32	              ""	    146.1600	   1008.01	    2.0	    00000000     00000000	   1	[       ]
65    	0     	     35	              ""	    147.1680	   1008.00	    2.0	    00000000     00000000	   1	[       ]
66    	0     	     35	              ""	    148.1760	   1008.00	    2.0	    00000000     00000000	   1	[       ]
67    	0     	     35	              ""	    149.1860	   1010.01	    2.0	    00000000     00000000	   1	[       ]
68    	0     	     38	              ""	    150.1940	   1008.00	    2.0	    00000000     00000000	   1	[       ]
69    	0     	     38	              ""	    151.2020	   1008.00	    2.0	    00000000     00000000	   1	[       ]
70    	0     	     38	              ""	    152.2100	   1008.01	    2.0	    00000000     00000000	   1	[       ]
71    	0     	     34	              ""	    153.2180	   1008.00	    2.0	    00000000     00000000	   1	[       ]
72    	0     	     34	              ""	    154.2280	   1009.99	    2.0	    00000000     00000000	   1	[       ]
73    	0     	     34	              ""	    155.2360	   1008.00	    2.0	    00000000     00000000	   1	[       ]
74    	0     	     47	              ""	    156.2440	   1008.01	    2.0	    00000000     00000000	   1	[       ]
75    	0     	     47	              ""	    157.2520	   1008.00	    2.0	    00000000     00000000	   1	[       ]
76    	0     	     47	              ""	    158.2600	   1008.00	    2.0	    00000000     00000000	   1	[       ]
77    	0     	     43	              ""	    159.2700	   1010.01	    2.0	    00000000     00000000	   1	[       ]
78    	0     	     43	              ""	    160.2780	   1008.00	    2.0	    00000000     00000000	   1	[       ]
79    	0     	     43	              ""	    161.2860	   1008.00	    2.0	    00000000     00000000	   1	[       ]
80    	0     	     41	              ""	    162.2940	   1008.01	    2.0	    00000000     00000000	   1	[       ]
81    	0     	     41	              ""	    163.3040	   1009.99	    2.0	    00000000     00000000	   1	[       ]
82    	0     	     41	              ""	    164.3120	   1008.00	    2.0	    00000000     00000000	   1	[       ]
83    	0     	     45	              ""	    165.3200	   1008.01	    2.0	    00000000     00000000	   1	[       ]
84    	0     	     45	              ""	    166.3280	   1008.00	    2.0	    00000000     00000000	   1	[       ]
85    	0     	     45	              ""	    167.3360	   1008.00	    2.0	    00000000     00000000	   1	[       ]
86    	0     	     48	              ""	    168.3460	   1009.99	    2.0	    00000000     00000000	   1	[       ]
87    	0     	     48	              ""	    169.3540	   1008.01	    2.0	    00000000     00000000	   1	[       ]
88    	0     	     48	              ""	    170.3620	   1008.00	    2.0	    00000000     00000000	   1	[       ]
89    	0     	     46	              ""	    171.3700	   1008.00	    2.0	    00000000     00000000	   1	[       ]
90    	0     	     46	              ""	    172.3780	   1008.01	    2.0	    00000000     00000000	   1	[       ]
91    	0     	     46	              ""	    173.3880	   1009.99	    2.0	    00000000     00000000	   1	[       ]
92    	0     	     44	              ""	    174.3960	   1008.00	    2.0	    00000000     00000000	   1	[       ]
93    	0     	     44	              ""	    175.4040	   1008.01	    2.0	    00000000     00000000	   1	[       ]
94    	0     	     44	              ""	    176.4120	   1008.00	    2.0	    00000000     00000000	   1	[       ]
95    	0     	     42	              ""	    177.4220	   1009.99	    2.0	    00000000     00000000	   1	[       ]
96    	0     	     42	              ""	    178.4300	   1008.00	    2.0	    00000000     00000000	   1	[       ]
97    	0     	     42	              ""	    179.4380	   1008.01	    2.0	    00000000     00000000	   1	[       ]
98    	0     	     55	              ""	    180.4460	   1008.00	    2.0	    00000000     00000000	   1	[       ]
99    	0     	     55	              ""	    181.4540	   1008.00	    2.0	    00000000     00000000	   1	[       ]
100   	0     	     55	              ""	    182.4640	   1010.01	    2.0	    00000000     00000000	   1	[       ]
101   	0     	     57	              ""	    183.4720	   1008.00	    2.0	    00000000     00000000	   1	[       ]
102   	0     	     57	              ""	    184.4800	   1008.00	    2.0	    00000000     00000000	   1	[       ]
103   	0     	     57	              ""	    185.4880	   1008.01	    2.0	    00000000     00000000	   1	[       ]
104   	0     	     54	              ""	    186.4960	   1008.00	    2.0	    00000000     00000000	   1	[       ]
105   	0     	     54	              ""	    187.5060	   1009.99	    2.0	    00000000     00000000	   1	[       ]
106   	0     	     54	              ""	    188.5140	   1008.01	    2.0	    00000000     00000000	   1	[       ]
107   	0     	     51	              ""	    189.5220	   1008.00	    2.0	    00000000     00000000	   1	[       ]
108   	0     	     51	              ""	    190.5300	   1008.00	    2.0	    00000000     00000000	   1	[       ]
109   	0     	     51	              ""	    191.5400	   1009.99	    2.0	    00000000     00000000	   1	[       ]
110   	0     	     56	              ""	    192.5480	   1008.01	    2.0	    00000000     00000000	   1	[       ]
111   	0     	     56	              ""	    193.5560	   1008.00	    2.0	    00000000     00000000	   1	[       ]
112   	0     	     56	              ""	    194.5640	   1008.00	    2.0	    00000000     00000000	   1	[       ]
113   	0     	     52	              ""	    195.5720	   1008.01	    2.0	    00000000     00000000	   1	[       ]
114   	0     	     52	              ""	    196.5820	   1009.99	    2.0	    00000000     00000000	   1	[       ]
115   	0     	     52	              ""	    197.5900	   1008.00	    2.0	    00000000     00000000	   1	[       ]
116   	0     	     53	              ""	    198.5980	   1008.01	    2.0	    00000000     00000000	   1	[       ]
117   	0     	     53	              ""	    199.6060	   1008.00	    2.0	    00000000     00000000	   1	[       ]
118   	0     	     53	              ""	    200.6140	   1008.00	    2.0	    00000000     00000000	   1	[       ]
119   	0     	     58	              ""	    201.6240	   1009.99	    2.0	    00000000     00000000	   1	[       ]
120   	0     	     58	              ""	    202.6320	   1008.01	    2.0	    00000000     00000000	   1	[       ]
121   	0     	     58	              ""	    203.6400	   1008.00	    2.0	    00000000     00000000	   1	[       ]
122   	0     	     66	              ""	    204.6480	   1008.00	    2.0	    00000000     00000000	   1	[       ]
123   	0     	     66	              ""	    205.6580	   1010.01	    2.0	    00000000     00000000	   1	[       ]
124   	0     	     66	              ""	    206.6660	   1008.00	    2.0	    00000000     00000000	   1	[       ]
125   	0     	     64	              ""	    207.6740	   1008.00	    2.0	    00000000     00000000	   1	[       ]
126   	0     	     64	              ""	    208.6820	   1008.01	    2.0	    00000000     00000000	   1	[       ]
127   	0     	     64	              ""	    209.6900	   1008.00	    2.0	    00000000     00000000	   1	[       ]
128   	0     	     67	              ""	    210.7000	   1009.99	    2.0	    00000000     00000000	   1	[       ]
129   	0     	     67	              ""	    211.7080	   1008.00	    2.0	    00000000     00000000	   1	[       ]
130   	0     	     67	              ""	    212.7160	   1008.01	    2.0	    00000000     00000000	   1	[       ]
131   	0     	     65	              ""	    213.7240	   1008.00	    2.0	    00000000     00000000	   1	[       ]
132   	0     	     65	              ""	    214.7340	   1009.99	    2.0	    00000000     00000000	   1	[       ]
133   	0     	     65	              ""	    215.7420	   1008.01	    2.0	    00000000     00000000	   1	[       ]
134   	0     	     61	              ""	    216.7500	   1008.00	    2.0	    00000000     00000000	   1	[       ]
135   	0     	     61	              ""	    217.7580	   1008.00	    2.0	    00000000     00000000	   1	[       ]
136   	0     	     61	              ""	    218.7660	   1008.01	    2.0	    00000000     00000000	   1	[       ]
137   	0     	     63	              ""	    219.7760	   1009.99	    2.0	    00000000     00000000	   1	[       ]
138   	0     	     63	              ""	    220.7840	   1008.00	    2.0	    00000000     00000000	   1	[       ]
139   	0     	     63	              ""	    221.7920	   1008.01	    2.0	    00000000     00000000	   1	[       ]
140   	0     	     62	              ""	    222.8000	   1008.00	    2.0	    00000000     00000000	   1	[       ]
141   	0     	     62	              ""	    223.8080	   1008.00	    2.0	    00000000     00000000	   1	[       ]
142   	0     	     62	              ""	    224.8180	   1009.99	    2.0	    00000000     00000000	   1	[       ]
143   	0     	     68	              ""	    225.8260	   1008.01	    2.0	    00000000     00000000	   1	[       ]
144   	0     	     68	              ""	    226.8340	   1008.00	    2.0	    00000000     00000000	   1	[       ]
145   	0     	     68	              ""	    227.8420	   1008.00	    2.0	    00000000     00000000	   1	[       ]
146   	0     	     74	              ""	    228.8520	   1010.01	    2.0	    00000000     00000000	   1	[       ]
147   	0     	     74	              ""	    229.8600	   1008.00	    2.0	    00000000     00000000	   1	[       ]
148   	0     	     74	              ""	    230.8680	   1008.00	    2.0	    00000000     00000000	   1	[       ]
149   	0     	     73	              ""	    231.8760	   1008.01	    2.0	    00000000     00000000	   1	[       ]
150   	0     	     73	              ""	    232.8840	   1008.00	    2.0	    00000000     00000000	   1	[       ]
151   	0     	     73	              ""	    233.8940	   1009.99	    2.0	    00000000     00000000	   1	[       ]
152   	0     	     76	              ""	    234.9020	   1008.00	    2.0	    00000000     00000000	   1	[       ]
153   	0     	     76	              ""	    235.9100	   1008.01	    2.0	    00000000     00000000	   1	[       ]
154   	0     	     76	              ""	    236.9180	   1008.00	    2.0	    00000000     00000000	   1	[       ]
155   	0     	     71	              ""	    237.9260	   1008.00	    2.0	    00000000     00000000	   1	[       ]
156   	0     	     71	              ""	    238.9360	   1010.01	    2.0	    00000000     00000000	   1	[       ]
157   	0     	     71	              ""	    239.9440	   1008.00	    2.0	    00000000     00000000	   1	[       ]
158   	0     	     75	              ""	    240.9520	   1008.00	    2.0	    00000000     00000000	   1	[       ]
159   	0     	     75	              ""	    241.9600	   1008.01	    2.0	    00000000     00000000	   1	[       ]
160   	0     	     75	              ""	    242.9700	   1009.99	    2.0	    00000000     00000000	   1	[       ]
161   	0     	     77	              ""	    243.9780	   1008.00	    2.0	    00000000     00000000	   1	[       ]
162   	0     	     77	              ""	    244.9860	   1008.00	    2.0	    00000000     00000000	   1	[       ]
163   	0     	     77	              ""	    245.9940	   1008.01	    2.0	    00000000     00000000	   1	[       ]
164   	0     	     78	              ""	    247.0020	   1008.00	    2.0	    00000000     00000000	   1	[       ]
165   	0     	     78	              ""	    248.0120	   1009.99	    2.0	    00000000     00000000	   1	[       ]
166   	0     	     78	              ""	    249.0200	   1008.01	    2.0	    00000000     00000000	   1	[       ]
167   	0     	     72	              ""	    250.0280	   1008.00	    2.0	    00000000     00000000	   1	[       ]
168   	0     	     72	              ""	    251.0360	   1008.00	    2.0	    00000000     00000000	   1	[       ]
169   	0     	     72	              ""	    252.0440	   1008.01	    2.0	    00000000     00000000	   1	[       ]
170   	0     	     84	              ""	    253.0540	   1009.99	    2.0	    00000000     00000000	   1	[       ]
171   	0     	     84	              ""	    254.0620	   1008.00	    2.0	    00000000     00000000	   1	[       ]
172   	0     	     84	              ""	    255.0700	   1008.01	    2.0	    00000000     00000000	   1	[       ]
173   	0     	     86	              ""	    256.0780	   1008.00	    2.0	    00000000     00000000	   1	[       ]
174   	0     	     86	              ""	    257.0880	   1010.01	    2.0	    00000000     00000000	   1	[       ]
175   	0     	     86	              ""	    258.0960	   1008.00	    2.0	    00000000     00000000	   1	[       ]
176   	0     	     81	              ""	    259.1040	   1008.00	    2.0	    00000000     00000000	   1	[       ]
177   	0     	     81	              ""	    260.1120	   1008.00	    2.0	    00000000     00000000	   1	[       ]
178   	0     	     81	              ""	    261.1200	   1008.00	    2.0	    00000000     00000000	   1	[       ]
179   	0     	     87	              ""	    262.1300	   1010.01	    2.0	    00000000     00000000	   1	[       ]
180   	0     	     87	              ""	    263.1380	   1008.00	    2.0	    00000000     00000000	   1	[       ]
181   	0     	     87	              ""	    264.1460	   1008.00	    2.0	    00000000     00000000	   1	[       ]
182   	0     	     82	              ""	    265.1540	   1008.00	    2.0	    00000000     00000000	   1	[       ]
183   	0     	     82	              ""	    266.1620	   1008.00	    2.0	    00000000     00000000	   1	[       ]
184   	0     	     82	              ""	    267.1720	   1010.01	    2.0	    00000000     00000000	   1	[       ]
185   	0     	     88	              ""	    268.1800	   1008.00	    2.0	    00000000     00000000	   1	[       ]
186   	0     	     88	              ""	    269.1880	   1008.00	    2.0	    00000000     00000000	   1	[       ]
187   	0     	     88	              ""	    270.1960	   1008.03	    2.0	    00000000     00000000	   1	[       ]
188   	0     	     85	              ""	    271.2060	   1009.98	    2.0	    00000000     00000000	   1	[       ]
189   	0     	     85	              ""	    272.2140	   1008.00	    2.0	    00000000     00000000	   1	[       ]
190   	0     	     85	              ""	    273.2220	   1008.00	    2.0	    00000000     00000000	   1	[       ]
191   	0     	     83	              ""	    274.2300	   1008.03	    2.0	    00000000     00000000	   1	[       ]
192   	0     	     83	              ""	    275.2380	   1008.00	    2.0	    00000000     00000000	   1	[       ]
193   	0     	     83	              ""	    276.2480	   1009.98	    2.0	    00000000     00000000	   1	[       ]
194   	0     	     94	              ""	    277.2560	   1008.03	    2.0	    00000000     00000000	   1	[       ]
195   	0     	     94	              ""	    278.2640	   1008.00	    2.0	    00000000     00000000	   1	[       ]
196   	0     	     94	              ""	    279.2720	   1008.00	    2.0	    00000000     00000000	   1	[       ]
197   	0     	     97	              ""	    280.2820	   1010.01	    2.0	    00000000     00000000	   1	[       ]
198   	0     	     97	              ""	    281.2900	   1008.00	    2.0	    00000000     00000000	   1	[       ]
199   	0     	     97	              ""	    282.2980	   1008.00	    2.0	    00000000     00000000	   1	[       ]
200   	0     	     92	              ""	    283.3060	   1008.00	    2.0	    00000000     00000000	   1	[       ]
201   	0     	     92	              ""	    284.3140	   1008.00	    2.0	    00000000     00000000	   1	[       ]
202   	0     	     92	              ""	    285.3240	   1010.01	    2.0	    00000000     00000000	   1	[       ]
203   	0     	     98	              ""	    286.3320	   1008.00	    2.0	    00000000     00000000	   1	[       ]
204   	0     	     98	              ""	    287.3400	   1008.00	    2.0	    00000000     00000000	   1	[       ]
205   	0     	     98	              ""	    288.3480	   1008.00	    2.0	    00000000     00000000	   1	[       ]
206   	0     	     96	              ""	    289.3560	   1008.00	    2.0	    00000000     00000000	   1	[       ]
207   	0     	     96	              ""	    290.3660	   1010.01	    2.0	    00000000     00000000	   1	[       ]
208   	0     	     96	              ""	    291.3740	   1008.00	    2.0	    00000000     00000000	   1	[       ]
209   	0     	     91	              ""	    292.3820	   1008.00	    2.0	    00000000     00000000	   1	[       ]
210   	0     	     91	              ""	    293.3900	   1008.03	    2.0	    00000000     00000000	   1	[       ]
211   	0     	     91	              ""	    294.4000	   1009.98	    2.0	    00000000     00000000	   1	[       ]
212   	0     	     93	              ""	    295.4080	   1008.00	    2.0	    00000000     00000000	   1	[       ]
213   	0     	     93	              ""	    296.4160	   1008.00	    2.0	    00000000     00000000	   1	[       ]
214   	0     	     93	              ""	    297.4240	   1008.03	    2.0	    00000000     00000000	   1	[       ]
215   	0     	     95	              ""	    298.4320	   1008.00	    2.0	    00000000     00000000	   1	[       ]
216   	0     	     95	              ""	    299.4420	   1009.98	    2.0	    00000000     00000000	   1	[       ]
217   	0     	     95	              ""	    300.4500	   1008.03	    2.0	    00000000     00000000	   1	[       ]
218   	0     	    104	              ""	    301.4580	   1008.00	    2.0	    00000000     00000000	   1	[       ]
219   	0     	    104	              ""	    302.4660	   1008.00	    2.0	    00000000     00000000	   1	[       ]
220   	0     	    104	              ""	    303.4740	   1008.00	    2.0	    00000000     00000000	   1	[       ]
221   	0     	    103	              ""	    304.4840	   1010.01	    2.0	    00000000     00000000	   1	[       ]
222   	0     	    103	              ""	    305.4920	   1008.00	    2.0	    00000000     00000000	   1	[       ]
223   	0     	    103	              ""	    306.5000	   1008.00	    2.0	    00000000     00000000	   1	[       ]
224   	0     	    105	              ""	    307.5080	   1008.00	    2.0	    00000000     00000000	   1	[       ]
225   	0     	    105	              ""	    308.5180	   1010.01	    2.0	    00000000     00000000	   1	[       ]
226   	0     	    105	              ""	    309.5260	   1008.00	    2.0	    00000000     00000000	   1	[       ]
227   	0     	    107	              ""	    310.5340	   1008.00	    2.0	    00000000     00000000	   1	[       ]
228   	0     	    107	              ""	    311.5420	   1008.00	    2.0	    00000000     00000000	   1	[       ]
229   	0     	    107	              ""	    312.5500	   1008.00	    2.0	    00000000     00000000	   1	[       ]
230   	0     	    101	              ""	    313.5600	   1010.01	    2.0	    00000000     00000000	   1	[       ]
231   	0     	    101	              ""	    314.5680	   1008.00	    2.0	    00000000     00000000	   1	[       ]
232   	0     	    101	              ""	    315.5760	   1008.00	    2.0	    00000000     00000000	   1	[       ]
233   	0     	    108	              ""	    316.5840	   1008.03	    2.0	    00000000     00000000	   1	[       ]
234   	0     	    108	              ""	    317.5920	   1008.00	    2.0	    00000000     00000000	   1	[       ]
235   	0     	    108	              ""	    318.6020	   1009.98	    2.0	    00000000     00000000	   1	[       ]
236   	0     	    102	              ""	    319.6100	   1008.00	    2.0	    00000000     00000000	   1	[       ]
237   	0     	    102	              ""	    320.6180	   1008.03	    2.0	    00000000     00000000	   1	[       ]
238   	0     	    102	              ""	    321.6260	   1008.00	    2.0	    00000000     00000000	   1	[       ]
239   	0     	    106	              ""	    322.6360	   1009.98	    2.0	    00000000     00000000	   1	[       ]
240   	0     	    106	              ""	    323.6440	   1008.03	    2.0	    00000000     00000000	   1	[       ]
241   	0     	    106	              ""	    324.6520	   1008.00	    2.0	    00000000     00000000	   1	[       ]
242   	0     	    111	              ""	    325.6600	   1008.00	    2.0	    00000000     00000000	   1	[       ]
243   	0     	    111	              ""	    326.6680	   1008.00	    2.0	    00000000     00000000	   1	[       ]
244   	0     	    111	              ""	    327.6780	   1010.01	    2.0	    00000000     00000000	   1	[       ]
245   	0     	    116	              ""	    328.6860	   1008.00	    2.0	    00000000     00000000	   1	[       ]
246   	0     	    116	              ""	    329.6940	   1008.00	    2.0	    00000000     00000000	   1	[       ]
247   	0     	    116	              ""	    330.7020	   1008.00	    2.0	    00000000     00000000	   1	[       ]
248   	0     	    117	              ""	    331.7100	   1008.00	    2.0	    00000000     00000000	   1	[       ]
249   	0     	    117	              ""	    332.7200	   1010.01	    2.0	    00000000     00000000	   1	[       ]
250   	0     	    117	              ""	    333.7280	   1008.00	    2.0	    00000000     00000000	   1	[       ]
251   	0     	    113	              ""	    334.7360	   1008.00	    2.0	    00000000     00000000	   1	[       ]
252   	0     	    113	              ""	    335.7440	   1008.00	    2.0	    00000000     00000000	   1	[       ]
253   	0     	    113	              ""	    336.7540	   1010.01	    2.0	    00000000     00000000	   1	[       ]
254   	0     	    115	              ""	    337.7620	   1008.00	    2.0	    00000000     00000000	   1	[       ]
255   	0     	    115	              ""	    338.7700	   1008.00	    2.0	    00000000     00000000	   1	[       ]
256   	0     	    115	              ""	    339.7780	   1008.03	    2.0	    00000000     00000000	   1	[       ]
257   	0     	    112	              ""	    340.7860	   1008.00	    2.0	    00000000     00000000	   1	[       ]
258   	0     	    112	              ""	    341.7960	   1009.98	    2.0	    00000000     00000000	   1	[       ]
259   	0     	    112	              ""	    342.8040	   1008.00	    2.0	    00000000     00000000	   1	[       ]
260   	0     	    114	              ""	    343.8120	   1008.03	    2.0	    00000000     00000000	   1	[       ]
261   	0     	    114	              ""	    344.8200	   1008.00	    2.0	    00000000     00000000	   1	[       ]
262   	0     	    114	              ""	    345.8300	   1009.98	    2.0	    00000000     00000000	   1	[       ]
263   	0     	    118	              ""	    346.8380	   1008.03	    2.0	    00000000     00000000	   1	[       ]
264   	0     	    118	              ""	    347.8460	   1008.00	    2.0	    00000000     00000000	   1	[       ]
265   	0     	    118	              ""	    348.8540	   1008.00	    2.0	    00000000     00000000	   1	[       ]
266   	0     	    126	              ""	    349.8620	   1008.00	    2.0	    00000000     00000000	   1	[       ]
267   	0     	    126	              ""	    350.8720	   1010.01	    2.0	    00000000     00000000	   1	[       ]
268   	0     	    126	              ""	    351.8800	   1008.00	    2.0	    00000000     00000000	   1	[       ]
269   	0     	    124	              ""	    352.8880	   1008.00	    2.0	    00000000     00000000	   1	[       ]
270   	0     	    124	              ""	    353.8960	   1008.00	    2.0	    00000000     00000000	   1	[       ]
271   	0     	    124	              ""	    354.9040	   1008.00	    2.0	    00000000     00000000	   1	[       ]
272   	0     	    122	              ""	    355.9140	   1010.01	    2.0	    00000000     00000000	   1	[       ]
273   	0     	    122	              ""	    356.9220	   1008.00	    2.0	    00000000     00000000	   1	[       ]
274   	0     	    122	              ""	    357.9300	   1008.00	    2.0	    00000000     00000000	   1	[       ]
275   	0     	    128	              ""	    358.9380	   1008.00	    2.0	    00000000     00000000	   1	[       ]
276   	0     	    128	              ""	    359.9480	   1010.01	    2.0	    00000000     00000000	   1	[       ]
277   	0     	    128	              ""	    360.9560	   1008.00	    2.0	    00000000     00000000	   1	[       ]
278   	0     	    123	              ""	    361.9640	   1008.00	    2.0	    00000000     00000000	   1	[       ]
279   	0     	    123	              ""	    362.9720	   1008.00	    2.0	    00000000     00000000	   1	[       ]
280   	0     	    123	              ""	    363.9800	   1008.03	    2.0	    00000000     00000000	   1	[       ]
281   	0     	    127	              ""	    364.9900	   1009.98	    2.0	    00000000     00000000	   1	[       ]
282   	0     	    127	              ""	    365.9980	   1008.00	    2.0	    00000000     00000000	   1	[       ]
283   	0     	    127	              ""	    367.0060	   1008.03	    2.0	    00000000     00000000	   1	[       ]
284   	0     	    121	              ""	    368.0140	   1008.00	    2.0	    00000000     00000000	   1	[       ]
285   	0     	    121	              ""	    369.0220	   1008.00	    2.0	    00000000     00000000	   1	[       ]
286   	0     	    121	              ""	    370.0320	   1010.01	    2.0	    00000000     00000000	   1	[       ]
287   	0     	    125	              ""	    371.0400	   1008.00	    2.0	    00000000     00000000	   1	[       ]
288   	0     	    125	              ""	    372.0480	   1008.00	    2.0	    00000000     00000000	   1	[       ]
289   	0     	    125	              ""	    373.0560	   1008.00	    2.0	    00000000     00000000	   1	[       ]
290   	0     	    138	              ""	    374.0660	   1010.01	    2.0	    00000000     00000000	   1	[       ]
291   	0     	    138	              ""	    375.0740	   1008.00	    2.0	    00000000     00000000	   1	[       ]
292   	0     	    138	              ""	    376.0820	   1008.00	    2.0	    00000000     00000000	   1	[       ]
293   	0     	    133	              ""	    377.0900	   1008.00	    2.0	    00000000     00000000	   1	[       ]
294   	0     	    133	              ""	    378.0980	   1008.00	    2.0	    00000000     00000000	   1	[       ]
295   	0     	    133	              ""	    379.1080	   1010.01	    2.0	    00000000     00000000	   1	[       ]
296   	0     	    136	              ""	    380.1160	   1008.00	    2.0	    00000000     00000000	   1	[       ]
297   	0     	    136	              ""	    381.1240	   1008.00	    2.0	    00000000     00000000	   1	[       ]
298   	0     	    136	              ""	    382.1320	   1008.00	    2.0	    00000000     00000000	   1	[       ]
299   	0     	    132	              ""	    383.1400	   1008.03	    2.0	    00000000     00000000	   1	[       ]
300   	0     	    132	              ""	    384.1500	   1009.98	    2.0	    00000000     00000000	   1	[       ]
301   	0     	    132	              ""	    385.1580	   1008.00	    2.0	    00000000     00000000	   1	[       ]
302   	0     	    137	              ""	    386.1660	   1008.00	    2.0	    00000000     00000000	   1	[       ]
303   	0     	    137	              ""	    387.1740	   1008.03	    2.0	    00000000     00000000	   1	[       ]
304   	0     	    137	              ""	    388.1840	   1009.98	    2.0	    00000000     00000000	   1	[       ]
305   	0     	    135	              ""	    389.1920	   1008.00	    2.0	    00000000     00000000	   1	[       ]
306   	0     	    135	              ""	    390.2000	   1008.03	    2.0	    00000000     00000000	   1	[       ]
307   	0     	    135	              ""	    391.2080	   1008.00	    2.0	    00000000     00000000	   1	[       ]
308   	0     	    134	              ""	    392.2160	   1008.00	    2.0	    00000000     00000000	   1	[       ]
309   	0     	    134	              ""	    393.2260	   1010.01	    2.0	    00000000     00000000	   1	[       ]
310   	0     	    134	              ""	    394.2340	   1008.00	    2.0	    00000000     00000000	   1	[       ]
311   	0     	    131	              ""	    395.2420	   1008.00	    2.0	    00000000     00000000	   1	[       ]
312   	0     	    131	              ""	    396.2500	   1008.00	    2.0	    00000000     00000000	   1	[       ]
313   	0     	    131	              ""	    397.2580	   1008.00	    2.0	    00000000     00000000	   1	[       ]
314   	0     	    148	              ""	    398.2680	   1010.01	    2.0	    00000000     00000000	   1	[       ]
315   	0     	    148	              ""	    399.2760	   1008.00	    2.0	    00000000     00000000	   1	[       ]
316   	0     	    148	              ""	    400.2840	   1008.00	    2.0	    00000000     00000000	   1	[       ]
317   	0     	    141	              ""	    401.2920	   1008.00	    2.0	    00000000     00000000	   1	[       ]
318   	0     	    141	              ""	    402.3020	   1010.01	    2.0	    00000000     00000000	   1	[       ]
319   	0     	    141	              ""	    403.3100	   1008.00	    2.0	    00000000     00000000	   1	[       ]
320   	0     	    144	              ""	    404.3180	   1008.00	    2.0	    00000000     00000000	   1	[       ]
321   	0     	    144	              ""	    405.3260	   1008.00	    2.0	    00000000     00000000	   1	[       ]
322   	0     	    144	              ""	    406.3340	   1008.03	    2.0	    00000000     00000000	   1	[       ]
323   	0     	    143	              ""	    407.3440	   1009.98	    2.0	    00000000     00000000	   1	[       ]
324   	0     	    143	              ""	    408.3520	   1008.00	    2.0	    00000000     00000000	   1	[       ]
325   	0     	    143	              ""	    409.3600	   1008.00	    2.0	    00000000     00000000	   1	[       ]
326   	0     	    147	              ""	    410.3680	   1008.03	    2.0	    00000000     00000000	   1	[       ]
327   	0     	    147	              ""	    411.3780	   1009.98	    2.0	    00000000     00000000	   1	[       ]
328   	0     	    147	              ""	    412.3860	   1008.00	    2.0	    00000000     00000000	   1	[       ]
329   	0     	    145	              ""	    413.3940	   1008.03	    2.0	    00000000     00000000	   1	[       ]
330   	0     	    145	              ""	    414.4020	   1008.00	    2.0	    00000000     00000000	   1	[       ]
331   	0     	    145	              ""	    415.4100	   1008.00	    2.0	    00000000     00000000	   1	[       ]
332   	0     	    146	              ""	    416.4200	   1010.01	    2.0	    00000000     00000000	   1	[       ]
333   	0     	    146	              ""	    417.4280	   1008.00	    2.0	    00000000     00000000	   1	[       ]
334   	0     	    146	              ""	    418.4360	   1008.00	    2.0	    00000000     00000000	   1	[       ]
335   	0     	    142	              ""	    419.4440	   1008.00	    2.0	    00000000     00000000	   1	[       ]
336   	0     	    142	              ""	    420.4520	   1008.00	    2.0	    00000000     00000000	   1	[       ]
337   	0     	    142	              ""	    421.4620	   1010.01	    2.0	    00000000     00000000	   1	[       ]
338   	0     	    158	              ""	    422.4700	   1008.00	    2.0	    00000000     00000000	   1	[       ]
339   	0     	    158	              ""	    423.4780	   1008.00	    2.0	    00000000     00000000	   1	[       ]
340   	0     	    158	              ""	    424.4860	   1008.00	    2.0	    00000000     00000000	   1	[       ]
341   	0     	    157	              ""	    425.4960	   1010.01	    2.0	    00000000     00000000	   1	[       ]
342   	0     	    157	              ""	    426.5040	   1008.00	    2.0	    00000000     00000000	   1	[       ]
343   	0     	    157	              ""	    427.5120	   1008.00	    2.0	    00000000     00000000	   1	[       ]
344   	0     	    156	              ""	    428.5200	   1008.00	    2.0	    00000000     00000000	   1	[       ]
345   	0     	    156	              ""	    429.5280	   1008.03	    2.0	    00000000     00000000	   1	[       ]
346   	0     	    156	              ""	    430.5380	   1009.98	    2.0	    00000000     00000000	   1	[       ]
347   	0     	    154	              ""	    431.5460	   1008.00	    2.0	    00000000     00000000	   1	[       ]
348   	0     	    154	              ""	    432.5540	   1008.00	    2.0	    00000000     00000000	   1	[       ]
349   	0     	    154	              ""	    433.5620	   1008.03	    2.0	    00000000     00000000	   1	[       ]
350   	0     	    153	              ""	    434.5700	   1008.00	    2.0	    00000000     00000000	   1	[       ]
351   	0     	    153	              ""	    435.5800	   1009.98	    2.0	    00000000     00000000	   1	[       ]
352   	0     	    153	              ""	    436.5880	   1008.03	    2.0	    00000000     00000000	   1	[       ]
353   	0     	    151	              ""	    437.5960	   1008.00	    2.0	    00000000     00000000	   1	[       ]
354   	0     	    151	              ""	    438.6040	   1008.00	    2.0	    00000000     00000000	   1	[       ]
355   	0     	    151	              ""	    439.6140	   1010.01	    2.0	    00000000     00000000	   1	[       ]
356   	0     	    155	              ""	    440.6220	   1008.00	    2.0	    00000000     00000000	   1	[       ]
357   	0     	    155	              ""	    441.6300	   1008.00	    2.0	    00000000     00000000	   1	[       ]
358   	0     	    155	              ""	    442.6380	   1008.00	    2.0	    00000000     00000000	   1	[       ]
359   	0     	    152	              ""	    443.6460	   1008.00	    2.0	    00000000     00000000	   1	[       ]
360   	0     	    152	              ""	    444.6560	   1010.01	    2.0	    00000000     00000000	   1	[       ]
361   	0     	    152	              ""	    445.6640	   1008.00	    2.0	    00000000     00000000	   1	[       ]
362   	0     	    163	              ""	    446.6720	   1008.00	    2.0	    00000000     00000000	   1	[       ]
363   	0     	    163	              ""	    447.6800	   1008.00	    2.0	    00000000     00000000	   1	[       ]
364   	0     	    163	              ""	    448.6880	   1008.00	    2.0	    00000000     00000000	   1	[       ]
365   	0     	    166	              ""	    449.6980	   1010.01	    2.0	    00000000     00000000	   1	[       ]
366   	0     	    166	              ""	    450.7060	   1008.00	    2.0	    00000000     00000000	   1	[       ]
367   	0     	    166	              ""	    451.7140	   1008.00	    2.0	    00000000     00000000	   1	[       ]
368   	0     	    167	              ""	    452.7220	   1008.00	    2.0	    00000000     00000000	   1	[       ]
369   	0     	    167	              ""	    453.7320	   1010.01	    2.0	    00000000     00000000	   1	[       ]
370   	0     	    167	              ""	    454.7400	   1008.00	    2.0	    00000000     00000000	   1	[       ]
371   	0     	    168	              ""	    455.7480	   1008.00	    2.0	    00000000     00000000	   1	[       ]
372   	0     	    168	              ""	    456.7560	   1008.03	    2.0	    00000000     00000000	   1	[       ]
373   	0     	    168	              ""	    457.7640	   1008.00	    2.0	    00000000     00000000	   1	[       ]
374   	0     	    165	              ""	    458.7740	   1009.98	    2.0	    00000000     00000000	   1	[       ]
375   	0     	    165	              ""	    459.7820	   1008.03	    2.0	    00000000     00000000	   1	[       ]
376   	0     	    165	              ""	    460.7900	   1008.00	    2.0	    00000000     00000000	   1	[       ]
377   	0     	    162	              ""	    461.7980	   1008.00	    2.0	    00000000     00000000	   1	[       ]
378   	0     	    162	              ""	    462.8060	   1008.00	    2.0	    00000000     00000000	   1	[       ]
379   	0     	    162	              ""	    463.8160	   1010.01	    2.0	    00000000     00000000	   1	[       ]
380   	0     	    164	              ""	    464.8240	   1008.00	    2.0	    00000000     00000000	   1	[       ]
381   	0     	    164	              ""	    465.8320	   1008.00	    2.0	    00000000     00000000	   1	[       ]
382   	0     	    164	              ""	    466.8400	   1008.00	    2.0	    00000000     00000000	   1	[       ]
383   	0     	    161	              ""	    467.8500	   1010.01	    2.0	    00000000     00000000	   1	[       ]
384   	0     	    161	              ""	    468.8580	   1008.00	    2.0	    00000000     00000000	   1	[       ]
385   	0     	    161	              ""	    469.8660	   1008.00	    2.0	    00000000     00000000	   1	[       ]
386   	0     	    175	              ""	    470.8740	   1008.00	    2.0	    00000000     00000000	   1	[       ]
387   	0     	    175	              ""	    471.8820	   1008.00	    2.0	    00000000     00000000	   1	[       ]
388   	0     	    175	              ""	    472.8920	   1010.01	    2.0	    00000000     00000000	   1	[       ]
389   	0     	    173	              ""	    473.9000	   1008.00	    2.0	    00000000     00000000	   1	[       ]
390   	0     	    173	              ""	    474.9080	   1008.00	    2.0	    00000000     00000000	   1	[       ]
391   	0     	    173	              ""	    475.9160	   1008.00	    2.0	    00000000     00000000	   1	[       ]
392   	0     	    176	              ""	    476.9260	   1010.01	    2.0	    00000000     00000000	   1	[       ]
393   	0     	    176	              ""	    477.9340	   1008.00	    2.0	    00000000     00000000	   1	[       ]
394   	0     	    176	              ""	    478.9420	   1008.00	    2.0	    00000000     00000000	   1	[       ]
395   	0     	    171	              ""	    479.9500	   1008.03	    2.0	    00000000     00000000	   1	[       ]
396   	0     	    171	              ""	    480.9580	   1008.00	    2.0	    00000000     00000000	   1	[       ]
397   	0     	    171	              ""	    481.9680	   1009.98	    2.0	    00000000     00000000	   1	[       ]
398   	0     	    178	              ""	    482.9760	   1008.03	    2.0	    00000000     00000000	   1	[       ]
399   	0     	    178	              ""	    483.9840	   1008.00	    2.0	    00000000     00000000	   1	[       ]
400   	0     	    178	              ""	    484.9920	   1008.00	    2.0	    00000000     00000000	   1	[       ]
401   	0     	    174	              ""	    486.0000	   1008.00	    2.0	    00000000     00000000	   1	[       ]
402   	0     	    174	              ""	    487.0100	   1010.01	    2.0	    00000000     00000000	   1	[       ]
403   	0     	    174	              ""	    488.0180	   1008.00	    2.0	    00000000     00000000	   1	[       ]
404   	0     	    172	              ""	    489.0260	   1008.00	    2.0	    00000000     00000000	   1	[       ]
405   	0     	    172	              ""	    490.0340	   1008.00	    2.0	    00000000     00000000	   1	[       ]
406   	0     	    172	              ""	    491.0440	   1010.01	    2.0	    00000000     00000000	   1	[       ]
407   	0     	    177	              ""	    492.0520	   1008.00	    2.0	    00000000     00000000	   1	[       ]
408   	0     	    177	              ""	    493.0600	   1008.00	    2.0	    00000000     00000000	   1	[       ]
409   	0     	    177	              ""	    494.0680	   1008.00	    2.0	    00000000     00000000	   1	[       ]
410   	0     	    181	              ""	    495.0760	   1008.00	    2.0	    00000000     00000000	   1	[       ]
411   	0     	    181	              ""	    496.0860	   1010.01	    2.0	    00000000     00000000	   1	[       ]
412   	0     	    181	              ""	    497.0940	   1008.00	    2.0	    00000000     00000000	   1	[       ]
413   	0     	    187	              ""	    498.1020	   1008.00	    2.0	    00000000     00000000	   1	[       ]
414   	0     	    187	              ""	    499.1100	   1008.00	    2.0	    00000000     00000000	   1	[       ]
415   	0     	    187	              ""	    500.1180	   1008.03	    2.0	    00000000     00000000	   1	[       ]
416   	0     	    184	              ""	    501.1280	   1009.98	    2.0	    00000000     00000000	   1	[       ]
417   	0     	    184	              ""	    502.1360	   1008.00	    2.0	    00000000     00000000	   1	[       ]
418   	0     	    184	              ""	    503.1440	   1008.03	    2.0	    00000000     00000000	   1	[       ]
419   	0     	    182	              ""	    504.1520	   1008.00	    2.0	    00000000     00000000	   1	[       ]
420   	0     	    182	              ""	    505.1620	   1009.98	    2.0	    00000000     00000000	   1	[       ]
421   	0     	    182	              ""	    506.1700	   1008.03	    2.0	    00000000     00000000	   1	[       ]
422   	0     	    188	              ""	    507.1780	   1008.00	    2.0	    00000000     00000000	   1	[       ]
423   	0     	    188	              ""	    508.1860	   1008.00	    2.0	    00000000     00000000	   1	[       ]
424   	0     	    188	              ""	    509.1940	   1008.00	    2.0	    00000000     00000000	   1	[       ]
425   	0     	    186	              ""	    510.2040	   1010.01	    2.0	    00000000     00000000	   1	[       ]
426   	0     	    186	              ""	    511.2120	   1008.00	    2.0	    00000000     00000000	   1	[       ]
427   	0     	    186	              ""	    512.2200	   1007.97	    2.0	    00000000     00000000	   1	[       ]
428   	0     	    183	              ""	    513.2280	   1008.06	    2.0	    00000000     00000000	   1	[       ]
429   	0     	    183	              ""	    514.2360	   1008.00	    2.0	    00000000     00000000	   1	[       ]
430   	0     	    183	              ""	    515.2460	   1009.95	    2.0	    00000000     00000000	   1	[       ]
431   	0     	    185	              ""	    516.2540	   1008.06	    2.0	    00000000     00000000	   1	[       ]
432   	0     	    185	              ""	    517.2620	   1008.00	    2.0	    00000000     00000000	   1	[       ]
433   	0     	    185	              ""	    518.2700	   1008.00	    2.0	    00000000     00000000	   1	[       ]
434   	0     	    193	              ""	    519.2800	   1010.01	    2.0	    00000000     00000000	   1	[       ]
435   	0     	    193	              ""	    520.2880	   1008.00	    2.0	    00000000     00000000	   1	[       ]
436   	0     	    193	              ""	    521.2960	   1008.00	    2.0	    00000000     00000000	   1	[       ]
437   	0     	    197	              ""	    522.3040	   1008.00	    2.0	    00000000     00000000	   1	[       ]
438   	0     	    197	              ""	    523.3120	   1008.00	    2.0	    00000000     00000000	   1	[       ]
439   	0     	    197	              ""	    524.3220	   1010.01	    2.0	    00000000     00000000	   1	[       ]
440   	0     	    196	              ""	    525.3300	   1008.00	    2.0	    00000000     00000000	   1	[       ]
441   	0     	    196	              ""	    526.3380	   1008.00	    2.0	    00000000     00000000	   1	[       ]
442   	0     	    196	              ""	    527.3460	   1008.00	    2.0	    00000000     00000000	   1	[       ]
443   	0     	    191	              ""	    528.3540	   1008.00	    2.0	    00000000     00000000	   1	[       ]
444   	0     	    191	              ""	    529.3640	   1010.01	    2.0	    00000000     00000000	   1	[       ]
445   	0     	    191	              ""	    530.3720	   1008.00	    2.0	    00000000     00000000	   1	[       ]
446   	0     	    195	              ""	    531.3800	   1008.00	    2.0	    00000000     00000000	   1	[       ]
447   	0     	    195	              ""	    532.3880	   1008.00	    2.0	    00000000     00000000	   1	[       ]
448   	0     	    195	              ""	    533.3980	   1010.01	    2.0	    00000000     00000000	   1	[       ]
449   	0     	    192	              ""	    534.4060	   1008.00	    2.0	    00000000     00000000	   1	[       ]
450   	0     	    192	              ""	    535.4140	   1008.00	    2.0	    00000000     00000000	   1	[       ]
451   	0     	    192	              ""	    536.4220	   1008.00	    2.0	    00000000     00000000	   1	[       ]
452   	0     	    198	              ""	    537.4300	   1008.00	    2.0	    00000000     00000000	   1	[       ]
453   	0     	    198	              ""	    538.4400	   1010.01	    2.0	    00000000     00000000	   1	[       ]
454   	0     	    198	              ""	    539.4480	   1008.00	    2.0	    00000000     00000000	   1	[       ]
455   	0     	    194	              ""	    540.4560	   1008.00	    2.0	    00000000     00000000	   1	[       ]
456   	0     	    194	              ""	    541.4640	   1008.00	    2.0	    00000000     00000000	   1	[       ]
457   	0     	    194	              ""	    542.4740	   1010.01	    2.0	    00000000     00000000	   1	[       ]
458   	0     	    203	              ""	    543.4820	   1008.00	    2.0	    00000000     00000000	   1	[       ]
459   	0     	    203	              ""	    544.4900	   1008.00	    2.0	    00000000     00000000	   1	[       ]
460   	0     	    203	              ""	    545.4980	   1008.00	    2.0	    00000000     00000000	   1	[       ]
461   	0     	    206	              ""	    546.5060	   1008.00	    2.0	    00000000     00000000	   1	[       ]
462   	0     	    206	              ""	    547.5160	   1010.01	    2.0	    00000000     00000000	   1	[       ]
463   	0     	    206	              ""	    548.5240	   1008.00	    2.0	    00000000     00000000	   1	[       ]
464   	0     	    208	              ""	    549.5320	   1008.00	    2.0	    00000000     00000000	   1	[       ]
465   	0     	    208	              ""	    550.5400	   1008.00	    2.0	    00000000     00000000	   1	[       ]
466   	0     	    208	              ""	    551.5480	   1008.00	    2.0	    00000000     00000000	   1	[       ]
467   	0     	    204	              ""	    552.5580	   1010.01	    2.0	    00000000     00000000	   1	[       ]
468   	0     	    204	              ""	    553.5660	   1008.00	    2.0	    00000000     00000000	   1	[       ]
469   	0     	    204	              ""	    554.5740	   1008.00	    2.0	    00000000     00000000	   1	[       ]
470   	0     	    207	              ""	    555.5820	   1008.00	    2.0	    00000000     00000000	   1	[       ]
471   	0     	    207	              ""	    556.5920	   1010.01	    2.0	    00000000     00000000	   1	[       ]
472   	0     	    207	              ""	    557.6000	   1008.00	    2.0	    00000000     00000000	   1	[       ]
473   	0     	    202	              ""	    558.6080	   1008.00	    2.0	    00000000     00000000	   1	[       ]
474   	0     	    202	              ""	    559.6160	   1008.06	    2.0	    00000000     00000000	   1	[       ]
475   	0     	    202	              ""	    560.6240	   1008.00	    2.0	    00000000     00000000	   1	[       ]
476   	0     	    201	              ""	    561.6340	   1009.95	    2.0	    00000000     00000000	   1	[       ]
477   	0     	    201	              ""	    562.6420	   1008.06	    2.0	    00000000     00000000	   1	[       ]
478   	0     	    201	              ""	    563.6500	   1008.00	    2.0	    00000000     00000000	   1	[       ]
479   	0     	    205	              ""	    564.6580	   1008.00	    2.0	    00000000     00000000	   1	[       ]
480   	0     	    205	              ""	    565.6660	   1008.00	    2.0	    00000000     00000000	   1	[       ]
481   	0     	    205	              ""	    566.6760	   1010.01	    2.0	    00000000     00000000	   1	[       ]
482   	0     	    212	              ""	    567.6840	   1008.00	    2.0	    00000000     00000000	   1	[       ]
483   	0     	    212	              ""	    568.6920	   1008.00	    2.0	    00000000     00000000	   1	[       ]
484   	0     	    212	              ""	    569.7000	   1008.00	    2.0	    00000000     00000000	   1	[       ]
485   	0     	    216	              ""	    570.7100	   1010.01	    2.0	    00000000     00000000	   1	[       ]
486   	0     	    216	              ""	    571.7180	   1008.00	    2.0	    00000000     00000000	   1	[       ]
487   	0     	    216	              ""	    572.7260	   1008.00	    2.0	    00000000     00000000	   1	[       ]
488   	0     	    211	              ""	    573.7340	   1008.00	    2.0	    00000000     00000000	   1	[       ]
489   	0     	    211	              ""	    574.7420	   1008.00	    2.0	    00000000     00000000	   1	[       ]
490   	0     	    211	              ""	    575.7520	   1010.01	    2.0	    00000000     00000000	   1	[       ]
491   	0     	    213	              ""	    576.7600	   1008.00	    2.0	    00000000     00000000	   1	[       ]
492   	0     	    213	              ""	    577.7680	   1008.00	    2.0	    00000000     00000000	   1	[       ]
493   	0     	    213	              ""	    578.7760	   1008.00	    2.0	    00000000     00000000	   1	[       ]
494   	0     	    218	              ""	    579.7840	   1008.00	    2.0	    00000000     00000000	   1	[       ]
495   	0     	    218	              ""	    580.7940	   1010.01	    2.0	    00000000     00000000	   1	[       ]
496   	0     	    218	              ""	    581.8020	   1008.00	    2.0	    00000000     00000000	   1	[       ]
497   	0     	    217	              ""	    582.8100	   1008.00	    2.0	    00000000     00000000	   1	[       ]
498   	0     	    217	              ""	    583.8180	   1008.00	    2.0	    00000000     00000000	   1	[       ]
499   	0     	    217	              ""	    584.8280	   1010.01	    2.0	    00000000     00000000	   1	[       ]
500   	0     	    214	              ""	    585.8360	   1008.00	    2.0	    00000000     00000000	   1	[       ]
501   	0     	    214	              ""	    586.8440	   1008.00	    2.0	    00000000     00000000	   1	[       ]
502   	0     	    214	              ""	    587.8520	   1008.00	    2.0	    00000000     00000000	   1	[       ]
503   	0     	    215	              ""	    588.8600	   1008.00	    2.0	    00000000     00000000	   1	[       ]
504   	0     	    215	              ""	    589.8700	   1010.01	    2.0	    00000000     00000000	   1	[       ]
505   	0     	    215	              ""	    590.8780	   1008.00	    2.0	    00000000     00000000	   1	[       ]
506   	0     	    224	              ""	    591.8860	   1008.00	    2.0	    00000000     00000000	   1	[       ]
507   	0     	    224	              ""	    592.8940	   1008.00	    2.0	    00000000     00000000	   1	[       ]
508   	0     	    224	              ""	    593.9020	   1008.00	    2.0	    00000000     00000000	   1	[       ]
509   	0     	    221	              ""	    594.9120	   1010.01	    2.0	    00000000     00000000	   1	[       ]
510   	0     	    221	              ""	    595.9200	   1008.00	    2.0	    00000000     00000000	   1	[       ]
511   	0     	    221	              ""	    596.9280	   1008.00	    2.0	    00000000     00000000	   1	[       ]
512   	0     	    226	              ""	    597.9360	   1008.00	    2.0	    00000000     00000000	   1	[       ]
513   	0     	    226	              ""	    598.9460	   1010.01	    2.0	    00000000     00000000	   1	[       ]
514   	0     	    226	              ""	    599.9540	   1008.00	    2.0	    00000000     00000000	   1	[       ]
515   	0     	    223	              ""	    600.9620	   1008.00	    2.0	    00000000     00000000	   1	[       ]
516   	0     	    223	              ""	    601.9700	   1008.00	    2.0	    00000000     00000000	   1	[       ]
517   	0     	    223	              ""	    602.9780	   1008.06	    2.0	    00000000     00000000	   1	[       ]
518   	0     	    225	              ""	    603.9880	   1009.95	    2.0	    00000000     00000000	   1	[       ]
519   	0     	    225	              ""	    604.9960	   1008.00	    2.0	    00000000     00000000	   1	[       ]
520   	0     	    225	              ""	    606.0040	   1008.06	    2.0	    00000000     00000000	   1	[       ]
521   	0     	    227	              ""	    607.0120	   1008.00	    2.0	    00000000     00000000	   1	[       ]
522   	0     	    227	              ""	    608.0220	   1009.95	    2.0	    00000000     00000000	   1	[       ]
523   	0     	    227	              ""	    609.0300	   1008.06	    2.0	    00000000     00000000	   1	[       ]
524   	0     	    228	              ""	    610.0380	   1008.00	    2.0	    00000000     00000000	   1	[       ]
525   	0     	    228	              ""	    611.0460	   1008.00	    2.0	    00000000     00000000	   1	[       ]
526   	0     	    228	              ""	    612.0540	   1008.00	    2.0	    00000000     00000000	   1	[       ]
527   	0     	    222	              ""	    613.0640	   1010.01	    2.0	    00000000     00000000	   1	[       ]
528   	0     	    222	              ""	    614.0720	   1008.00	    2.0	    00000000     00000000	   1	[       ]
529   	0     	    222	              ""	    615.0800	   1008.00	    2.0	    00000000     00000000	   1	[       ]
530   	0     	    233	              ""	    616.0880	   1008.00	    2.0	    00000000     00000000	   1	[       ]
531   	0     	    233	              ""	    617.0960	   1008.00	    2.0	    00000000     00000000	   1	[       ]
532   	0     	    233	              ""	    618.1060	   1010.01	    2.0	    00000000     00000000	   1	[       ]
533   	0     	    237	              ""	    619.1140	   1008.00	    2.0	    00000000     00000000	   1	[       ]
534   	0     	    237	              ""	    620.1220	   1008.00	    2.0	    00000000     00000000	   1	[       ]
535   	0     	    237	              ""	    621.1300	   1008.00	    2.0	    00000000     00000000	   1	[       ]
536   	0     	    236	              ""	    622.1400	   1010.01	    2.0	    00000000     00000000	   1	[       ]
537   	0     	    236	              ""	    623.1480	   1008.00	    2.0	    00000000     00000000	   1	[       ]
538   	0     	    236	              ""	    624.1560	   1008.00	    2.0	    00000000     00000000	   1	[       ]
539   	0     	    235	              ""	    625.1640	   1008.00	    2.0	    00000000     00000000	   1	[       ]
540   	0     	    235	              ""	    626.1720	   1008.00	    2.0	    00000000     00000000	   1	[       ]
541   	0     	    235	              ""	    627.1820	   1010.01	    2.0	    00000000     00000000	   1	[       ]
542   	0     	    232	              ""	    628.1900	   1008.00	    2.0	    00000000     00000000	   1	[       ]
543   	0     	    232	              ""	    629.1980	   1008.00	    2.0	    00000000     00000000	   1	[       ]
544   	0     	    232	              ""	    630.2060	   1008.00	    2.0	    00000000     00000000	   1	[       ]
545   	0     	    238	              ""	    631.2140	   1008.00	    2.0	    00000000     00000000	   1	[       ]
546   	0     	    238	              ""	    632.2240	   1010.01	    2.0	    00000000     00000000	   1	[       ]
547   	0     	    238	              ""	    633.2320	   1008.00	    2.0	    00000000     00000000	   1	[       ]
548   	0     	    231	              ""	    634.2400	   1008.00	    2.0	    00000000     00000000	   1	[       ]
549   	0     	    231	              ""	    635.2480	   1008.00	    2.0	    00000000     00000000	   1	[       ]
550   	0     	    231	              ""	    636.2580	   1010.01	    2.0	    00000000     00000000	   1	[       ]
551   	0     	    234	              ""	    637.2660	   1008.00	    2.0	    00000000     00000000	   1	[       ]
552   	0     	    234	              ""	    638.2740	   1008.00	    2.0	    00000000     00000000	   1	[       ]
553   	0     	    234	              ""	    639.2820	   1008.00	    2.0	    00000000     00000000	   1	[       ]
554   	0     	    247	              ""	    640.2900	   1008.00	    2.0	    00000000     00000000	   1	[       ]
555   	0     	    247	              ""	    641.3000	   1010.01	    2.0	    00000000     00000000	   1	[       ]
556   	0     	    247	              ""	    642.3080	   1008.00	    2.0	    00000000     00000000	   1	[       ]
557   	0     	    248	              ""	    643.3160	   1008.00	    2.0	    00000000     00000000	   1	[       ]
558   	0     	    248	              ""	    644.3240	   1008.00	    2.0	    00000000     00000000	   1	[       ]
559   	0     	    248	              ""	    645.3320	   1008.00	    2.0	    00000000     00000000	   1	[       ]
560   	0     	    245	              ""	    646.3420	   1010.01	    2.0	    00000000     00000000	   1	[       ]
561   	0     	    245	              ""	    647.3500	   1008.00	    2.0	    00000000     00000000	   1	[       ]
562   	0     	    245	              ""	    648.3580	   1008.00	    2.0	    00000000     00000000	   1	[       ]
563   	0     	    241	              ""	    649.3660	   1008.06	    2.0	    00000000     00000000	   1	[       ]
564   	0     	    241	              ""	    650.3760	   1009.95	    2.0	    00000000     00000000	   1	[       ]
565   	0     	    241	              ""	    651.3840	   1008.00	    2.0	    00000000     00000000	   1	[       ]
566   	0     	    242	              ""	    652.3920	   1008.06	    2.0	    00000000     00000000	   1	[       ]
567   	0     	    242	              ""	    653.4000	   1008.00	    2.0	    00000000     00000000	   1	[       ]
568   	0     	    242	              ""	    654.4080	   1008.00	    2.0	    00000000     00000000	   1	[       ]
569   	0     	    246	              ""	    655.4180	   1010.01	    2.0	    00000000     00000000	   1	[       ]
570   	0     	    246	              ""	    656.4260	   1008.00	    2.0	    00000000     00000000	   1	[       ]
571   	0     	    246	              ""	    657.4340	   1008.00	    2.0	    00000000     00000000	   1	[       ]
572   	0     	    244	              ""	    658.4420	   1008.00	    2.0	    00000000     00000000	   1	[       ]
573   	0     	    244	              ""	    659.4500	   1008.00	    2.0	    00000000     00000000	   1	[       ]
574   	0     	    244	              ""	    660.4600	   1010.01	    2.0	    00000000     00000000	   1	[       ]
575   	0     	    243	              ""	    661.4680	   1008.00	    2.0	    00000000     00000000	   1	[       ]
576   	0     	    243	              ""	    662.4760	   1008.00	    2.0	    00000000     00000000	   1	[       ]
577   	0     	    243	              ""	    663.4840	   1008.00	    2.0	    00000000     00000000	   1	[       ]
578   	0     	    243	              ""	    664.4940	   1010.01	    2.0	    00000000     00000000	   1	[       ]
