Bin   #(%) accepted   #(%) rejected    # F2    # F3    # F4    # F5    # F6    # F7    # F8
  1       2( 33.3)        4( 66.7)       0       0       0       0       0       0       0
  2       9( 90.0)        1( 10.0)       0       0       0       0       0       0       0
  3       5( 83.3)        1( 16.7)       0       0       0       0       0       0       0
  4       9( 90.0)        1( 10.0)       0       0       0       0       0       0       0
  5       4( 66.7)        2( 33.3)       0       0       0       0       0       0       0
  6      10(100.0)        0(  0.0)       0       0       0       0       0       0       0
  7       5( 83.3)        1( 16.7)       0       0       0       0       0       0       0
  8       6( 60.0)        4( 40.0)       0       0       0       0       0       0       0
  9       4( 66.7)        2( 33.3)       0       0       0       0       0       0       0
 10       9( 90.0)        1( 10.0)       0       0       0       0       0       0       0
 11       4( 66.7)        2( 33.3)       0       0       0       0       0       0       0
 12       8( 80.0)        2( 20.0)       0       0       0       0       0       0       0
 13       3( 25.0)        9( 75.0)       0       0       0       0       0       0       0
 14       1( 25.0)        3( 75.0)       0       0       0       0       0       0       0
 15      10( 83.3)        2( 16.7)       0       0       0       0       0       0       0
 16       4(100.0)        0(  0.0)       0       0       0       0       0       0       0
 17       9( 75.0)        3( 25.0)       0       0       0       0       0       0       0
 18       2( 50.0)        2( 50.0)       0       0       0       0       0       0       0
 19      11( 91.7)        1(  8.3)       0       0       0       0       0       0       0
 20       4(100.0)        0(  0.0)       0       0       0       0       0       0       0
 21      11( 91.7)        1(  8.3)       0       0       0       0       0       0       0
 22       4(100.0)        0(  0.0)       0       0       0       0       0       0       0
 23       9( 75.0)        3( 25.0)       0       0       0       0       0       0       0
 24       3( 75.0)        1( 25.0)       0       0       0       0       0       0       0
____________________________________________________________________________________________________
Total   146( 76.0)       46( 24.0)       0       0       0       0       0       0       0

