Bin   #(%) accepted   #(%) rejected    # F2    # F3    # F4    # F5    # F6    # F7    # F8
  1      48( 96.0)        2(  4.0)       0       0       0       0       0       0       0
  2      49(100.0)        0(  0.0)       0       0       0       0       0       0       0
  3      25(100.0)        0(  0.0)       0       0       0       0       0       0       0
  4      25(100.0)        0(  0.0)       0       0       0       0       0       0       0
  5      25(100.0)        0(  0.0)       0       0       0       0       0       0       0
  6      25(100.0)        0(  0.0)       0       0       0       0       0       0       0
  7      49(100.0)        0(  0.0)       0       0       0       0       0       0       0
  8      48(100.0)        0(  0.0)       0       0       0       0       0       0       0
____________________________________________________________________________________________________
Total   294( 99.3)        2(  0.7)       0       0       0       0       0       0       0

