Bin   #(%) accepted   #(%) rejected    # F2    # F3    # F4    # F5    # F6    # F7    # F8
  1      44( 88.0)        6( 12.0)       0       0       0       0       0       0       0
  2      49( 98.0)        1(  2.0)       0       0       0       0       0       0       0
  3      22( 88.0)        3( 12.0)       0       0       0       0       0       0       0
  4      23( 92.0)        2(  8.0)       0       0       0       0       0       0       0
  5      22( 88.0)        3( 12.0)       0       0       0       0       0       0       0
  6      23( 92.0)        2(  8.0)       0       0       0       0       0       0       0
  7      46( 92.0)        4(  8.0)       0       0       0       0       0       0       0
  8      44( 88.0)        6( 12.0)       0       0       0       0       0       0       0
____________________________________________________________________________________________________
Total   273( 91.0)       27(  9.0)       0       0       0       0       0       0       0

