Bin   #(%) accepted   #(%) rejected    # F2    # F3    # F4    # F5    # F6    # F7    # F8
  1      44( 88.0)        6( 12.0)       0       0       0       0       0       0       0
  2      45( 90.0)        5( 10.0)       0       0       0       0       0       0       0
  3      22( 88.0)        3( 12.0)       0       0       0       0       0       0       0
  4      24( 96.0)        1(  4.0)       0       0       0       0       0       0       0
  5      24( 96.0)        1(  4.0)       0       0       0       0       0       0       0
  6      24( 96.0)        1(  4.0)       0       0       0       0       0       0       0
  7      45( 90.0)        5( 10.0)       0       0       0       0       0       0       0
  8      46( 92.0)        4(  8.0)       0       0       0       0       0       0       0
____________________________________________________________________________________________________
Total   274( 91.3)       26(  8.7)       0       0       0       0       0       0       0

