Bin   #(%) accepted   #(%) rejected    # F2    # F3    # F4    # F5    # F6    # F7    # F8
  1       2( 40.0)        3( 60.0)       0       0       0       0       0       0       0
  2       7( 63.6)        4( 36.4)       0       0       0       0       0       0       0
  3       5(100.0)        0(  0.0)       0       0       0       0       0       0       0
  4      10( 90.9)        1(  9.1)       0       0       0       0       0       0       0
  5       4( 80.0)        1( 20.0)       0       0       0       0       0       0       0
  6       9( 81.8)        2( 18.2)       0       0       0       0       0       0       0
  7       3( 60.0)        2( 40.0)       0       0       0       0       0       0       0
  8       9( 81.8)        2( 18.2)       0       0       0       0       0       0       0
  9       4( 80.0)        1( 20.0)       0       0       0       0       0       0       0
 10      11(100.0)        0(  0.0)       0       0       0       0       0       0       0
 11       3( 60.0)        2( 40.0)       0       0       0       0       0       0       0
 12      11(100.0)        0(  0.0)       0       0       0       0       0       0       0
 13       1( 25.0)        3( 75.0)       0       0       0       0       0       0       0
 14       5( 41.7)        7( 58.3)       0       0       0       0       0       0       0
 15       4(100.0)        0(  0.0)       0       0       0       0       0       0       0
 16      12(100.0)        0(  0.0)       0       0       0       0       0       0       0
 17       4(100.0)        0(  0.0)       0       0       0       0       0       0       0
 18      10( 83.3)        2( 16.7)       0       0       0       0       0       0       0
 19       4(100.0)        0(  0.0)       0       0       0       0       0       0       0
 20      11( 91.7)        1(  8.3)       0       0       0       0       0       0       0
 21       3( 75.0)        1( 25.0)       0       0       0       0       0       0       0
 22      10( 83.3)        2( 16.7)       0       0       0       0       0       0       0
 23       4(100.0)        0(  0.0)       0       0       0       0       0       0       0
 24       9( 75.0)        3( 25.0)       0       0       0       0       0       0       0
____________________________________________________________________________________________________
Total   155( 80.7)       37( 19.3)       0       0       0       0       0       0       0

