Bin   #(%) accepted   #(%) rejected    # F2    # F3    # F4    # F5    # F6    # F7    # F8
  1      45( 93.8)        3(  6.3)       0       0       0       0       0       0       0
  2      44( 91.7)        4(  8.3)       0       0       0       0       0       0       0
  3      20( 83.3)        4( 16.7)       0       0       0       0       0       0       0
  4      23( 95.8)        1(  4.2)       0       0       0       0       0       0       0
  5      25(100.0)        0(  0.0)       0       0       0       0       0       0       0
  6      25(100.0)        0(  0.0)       0       0       0       0       0       0       0
  7      49( 98.0)        1(  2.0)       0       0       0       0       0       0       0
  8      49( 98.0)        1(  2.0)       0       0       0       0       0       0       0
____________________________________________________________________________________________________
Total   280( 95.2)       14(  4.8)       0       0       0       0       0       0       0

