Bin   #(%) accepted   #(%) rejected    # F2    # F3    # F4    # F5    # F6    # F7    # F8
  1      46( 92.0)        4(  8.0)       0       0       0       0       0       0       0
  2      38( 76.0)       12( 24.0)       0       0       0       0       0       0       0
  3      23( 92.0)        2(  8.0)       0       0       0       0       0       0       0
  4      20( 80.0)        5( 20.0)       0       0       0       0       0       0       0
  5      16( 64.0)        9( 36.0)       0       0       0       0       0       0       0
  6      23( 92.0)        2(  8.0)       0       0       0       0       0       0       0
  7      44( 88.0)        6( 12.0)       0       0       0       0       0       0       0
  8      41( 82.0)        9( 18.0)       0       0       0       0       0       0       0
____________________________________________________________________________________________________
Total   251( 83.7)       49( 16.3)       0       0       0       0       0       0       0

