Bin   #(%) accepted   #(%) rejected    # F2    # F3    # F4    # F5    # F6    # F7    # F8
  1      46( 92.0)        4(  8.0)       0       0       0       0       0       0       0
  2      45( 90.0)        5( 10.0)       0       0       0       0       0       0       0
  3      24( 96.0)        1(  4.0)       0       0       0       0       0       0       0
  4      25(100.0)        0(  0.0)       0       0       0       0       0       0       0
  5      23( 92.0)        2(  8.0)       0       0       0       0       0       0       0
  6      23( 92.0)        2(  8.0)       0       0       0       0       0       0       0
  7      47( 94.0)        3(  6.0)       0       0       0       0       0       0       0
  8      47( 94.0)        3(  6.0)       0       0       0       0       0       0       0
____________________________________________________________________________________________________
Total   280( 93.3)       20(  6.7)       0       0       0       0       0       0       0

