Bin   #(%) accepted   #(%) rejected    # F2    # F3    # F4    # F5    # F6    # F7    # F8
  1       8( 66.7)        4( 33.3)       0       0       0       0       0       0       0
  2       4(100.0)        0(  0.0)       0       0       0       0       0       0       0
  3      11( 91.7)        1(  8.3)       0       0       0       0       0       0       0
  4       4(100.0)        0(  0.0)       0       0       0       0       0       0       0
  5      12(100.0)        0(  0.0)       0       0       0       0       0       0       0
  6       4(100.0)        0(  0.0)       0       0       0       0       0       0       0
  7       8( 66.7)        4( 33.3)       0       0       0       0       0       0       0
  8       4(100.0)        0(  0.0)       0       0       0       0       0       0       0
  9      12(100.0)        0(  0.0)       0       0       0       0       0       0       0
 10       4(100.0)        0(  0.0)       0       0       0       0       0       0       0
 11       9( 75.0)        3( 25.0)       0       0       0       0       0       0       0
 12       0(  0.0)        4(100.0)       0       0       0       0       0       0       0
 13       8( 66.7)        4( 33.3)       0       0       0       0       0       0       0
 14       3( 75.0)        1( 25.0)       0       0       0       0       0       0       0
 15      11( 91.7)        1(  8.3)       0       0       0       0       0       0       0
 16       4(100.0)        0(  0.0)       0       0       0       0       0       0       0
 17       9( 75.0)        3( 25.0)       0       0       0       0       0       0       0
 18       3( 75.0)        1( 25.0)       0       0       0       0       0       0       0
 19      12(100.0)        0(  0.0)       0       0       0       0       0       0       0
 20       3( 75.0)        1( 25.0)       0       0       0       0       0       0       0
 21      11( 91.7)        1(  8.3)       0       0       0       0       0       0       0
 22       3( 75.0)        1( 25.0)       0       0       0       0       0       0       0
 23       6( 50.0)        6( 50.0)       0       0       0       0       0       0       0
 24       2( 50.0)        2( 50.0)       0       0       0       0       0       0       0
____________________________________________________________________________________________________
Total   155( 80.7)       37( 19.3)       0       0       0       0       0       0       0

