Bin   #(%) accepted   #(%) rejected    # F2    # F3    # F4    # F5    # F6    # F7    # F8
  1       3( 37.5)        5( 62.5)       0       0       0       0       0       0       0
  2       0(  0.0)        8(100.0)       0       0       0       0       0       0       0
  3       7( 87.5)        1( 12.5)       0       0       0       0       0       0       0
  4       8(100.0)        0(  0.0)       0       0       0       0       0       0       0
  5       7( 87.5)        1( 12.5)       0       0       0       0       0       0       0
  6       7( 87.5)        1( 12.5)       0       0       0       0       0       0       0
  7       6( 75.0)        2( 25.0)       0       0       0       0       0       0       0
  8       7( 87.5)        1( 12.5)       0       0       0       0       0       0       0
  9       8(100.0)        0(  0.0)       0       0       0       0       0       0       0
 10       6( 75.0)        2( 25.0)       0       0       0       0       0       0       0
 11       8(100.0)        0(  0.0)       0       0       0       0       0       0       0
 12       7( 87.5)        1( 12.5)       0       0       0       0       0       0       0
 13       0(  0.0)        7(100.0)       0       0       0       0       0       0       0
 14       0(  0.0)        9(100.0)       0       0       0       0       0       0       0
 15       5( 71.4)        2( 28.6)       0       0       0       0       0       0       0
 16       6( 66.7)        3( 33.3)       0       0       0       0       0       0       0
 17       5( 71.4)        2( 28.6)       0       0       0       0       0       0       0
 18       7( 77.8)        2( 22.2)       0       0       0       0       0       0       0
 19       5( 71.4)        2( 28.6)       0       0       0       0       0       0       0
 20       7( 77.8)        2( 22.2)       0       0       0       0       0       0       0
 21       6( 85.7)        1( 14.3)       0       0       0       0       0       0       0
 22       8( 88.9)        1( 11.1)       0       0       0       0       0       0       0
 23       5( 71.4)        2( 28.6)       0       0       0       0       0       0       0
 24       8( 88.9)        1( 11.1)       0       0       0       0       0       0       0
____________________________________________________________________________________________________
Total   136( 70.8)       56( 29.2)       0       0       0       0       0       0       0

