Bin   #(%) accepted   #(%) rejected    # F2    # F3    # F4    # F5    # F6    # F7    # F8
  1       8( 72.7)        3( 27.3)       0       0       0       0       0       0       0
  2       4( 80.0)        1( 20.0)       0       0       0       0       0       0       0
  3      10( 90.9)        1(  9.1)       0       0       0       0       0       0       0
  4       5(100.0)        0(  0.0)       0       0       0       0       0       0       0
  5       7( 63.6)        4( 36.4)       0       0       0       0       0       0       0
  6       4( 80.0)        1( 20.0)       0       0       0       0       0       0       0
  7      10( 90.9)        1(  9.1)       0       0       0       0       0       0       0
  8       4( 80.0)        1( 20.0)       0       0       0       0       0       0       0
  9       8( 72.7)        3( 27.3)       0       0       0       0       0       0       0
 10       4( 80.0)        1( 20.0)       0       0       0       0       0       0       0
 11       8( 72.7)        3( 27.3)       0       0       0       0       0       0       0
 12       3( 60.0)        2( 40.0)       0       0       0       0       0       0       0
 13       7( 63.6)        4( 36.4)       0       0       0       0       0       0       0
 14       3( 60.0)        2( 40.0)       0       0       0       0       0       0       0
 15       8( 72.7)        3( 27.3)       0       0       0       0       0       0       0
 16       4( 80.0)        1( 20.0)       0       0       0       0       0       0       0
 17       8( 72.7)        3( 27.3)       0       0       0       0       0       0       0
 18       3( 60.0)        2( 40.0)       0       0       0       0       0       0       0
 19      10( 90.9)        1(  9.1)       0       0       0       0       0       0       0
 20       4( 80.0)        1( 20.0)       0       0       0       0       0       0       0
 21      11(100.0)        0(  0.0)       0       0       0       0       0       0       0
 22       3( 60.0)        2( 40.0)       0       0       0       0       0       0       0
 23      11(100.0)        0(  0.0)       0       0       0       0       0       0       0
 24       4( 80.0)        1( 20.0)       0       0       0       0       0       0       0
____________________________________________________________________________________________________
Total   151( 78.6)       41( 21.4)       0       0       0       0       0       0       0

