#  Non-editable header begin --------------------------------------------------------------------------------
# 
#  data format...............: continuous
#  setname...................: m21_s174_vsl_filt_rs_ref_elist
#  filename..................: m21_s174_vsl_filt_rs_ref.set
#  filepath..................: Z:\PROJECTS\MPH_H\MORPH21\dat\erp\S174
#  nchan.....................: 33
#  pnts......................: 199960
#  srate.....................: 200
#  nevents...................: 807
#  generated by (bdf)........: 
#  generated by (set)........: m21_s174_vsl_filt_rs_ref_elist
#  reported in ..............: 
#  prog Version..............: 7.0.0
#  creation date.............: 17-Jul-2019 10:39:38
#  user Account..............: 
# 
#  Non-editable header end --------------------------------------------------------------------------------




# item	 bepoch	  ecode	            label	      onset	          diff	     dura	b_flags	   a_flags	  enable	    bin
#                                                 (sec)           (msec)     (msec)    (binary)   (binary)


1     	0     	    -99	        boundary	      0.0000	      0.00	    NaN	    00000000     00000000	   1	[       ]
2     	0     	      4	              ""	     11.9060	  11906.00	    2.0	    00000000     00000000	   1	[       ]
3     	0     	     13	              ""	     12.9180	   1012.00	    2.0	    00000000     00000000	   1	[       ]
4     	0     	     13	              ""	     13.9260	   1008.00	    2.0	    00000000     00000000	   1	[       ]
5     	0     	     17	              ""	     14.9360	   1010.00	    2.0	    00000000     00000000	   1	[       ]
6     	0     	     17	              ""	     15.9440	   1008.00	    2.0	    00000000     00000000	   1	[       ]
7     	0     	     17	              ""	     16.9520	   1008.00	    2.0	    00000000     00000000	   1	[       ]
8     	0     	     16	              ""	     17.9600	   1008.00	    2.0	    00000000     00000000	   1	[       ]
9     	0     	     16	              ""	     18.9680	   1008.00	    2.0	    00000000     00000000	   1	[       ]
10    	0     	     16	              ""	     19.9780	   1010.00	    2.0	    00000000     00000000	   1	[       ]
11    	0     	     12	              ""	     20.9860	   1008.00	    2.0	    00000000     00000000	   1	[       ]
12    	0     	     12	              ""	     21.9940	   1008.00	    2.0	    00000000     00000000	   1	[       ]
13    	0     	     12	              ""	     23.0020	   1008.00	    2.0	    00000000     00000000	   1	[       ]
14    	0     	     14	              ""	     24.0120	   1010.00	    2.0	    00000000     00000000	   1	[       ]
15    	0     	     14	              ""	     25.0200	   1008.00	    2.0	    00000000     00000000	   1	[       ]
16    	0     	     14	              ""	     26.0280	   1008.00	    2.0	    00000000     00000000	   1	[       ]
17    	0     	     15	              ""	     27.0360	   1008.00	    2.0	    00000000     00000000	   1	[       ]
18    	0     	     15	              ""	     28.0440	   1008.00	    2.0	    00000000     00000000	   1	[       ]
19    	0     	     15	              ""	     29.0540	   1010.00	    2.0	    00000000     00000000	   1	[       ]
20    	0     	     11	              ""	     30.0620	   1008.00	    2.0	    00000000     00000000	   1	[       ]
21    	0     	     11	              ""	     31.0700	   1008.00	    2.0	    00000000     00000000	   1	[       ]
22    	0     	     11	              ""	     32.0780	   1008.00	    2.0	    00000000     00000000	   1	[       ]
23    	0     	     18	              ""	     33.0860	   1008.00	    2.0	    00000000     00000000	   1	[       ]
24    	0     	     18	              ""	     34.0960	   1010.00	    2.0	    00000000     00000000	   1	[       ]
25    	0     	     18	              ""	     35.1040	   1008.00	    2.0	    00000000     00000000	   1	[       ]
26    	0     	     26	              ""	     36.1120	   1008.00	    2.0	    00000000     00000000	   1	[       ]
27    	0     	     26	              ""	     37.1200	   1008.00	    2.0	    00000000     00000000	   1	[       ]
28    	0     	     26	              ""	     38.1300	   1010.00	    2.0	    00000000     00000000	   1	[       ]
29    	0     	     21	              ""	     39.1380	   1008.00	    2.0	    00000000     00000000	   1	[       ]
30    	0     	     21	              ""	     40.1460	   1008.00	    2.0	    00000000     00000000	   1	[       ]
31    	0     	     21	              ""	     41.1540	   1008.00	    2.0	    00000000     00000000	   1	[       ]
32    	0     	     25	              ""	     42.1620	   1008.00	    2.0	    00000000     00000000	   1	[       ]
33    	0     	     25	              ""	     43.1720	   1010.00	    2.0	    00000000     00000000	   1	[       ]
34    	0     	     25	              ""	     44.1800	   1008.00	    2.0	    00000000     00000000	   1	[       ]
35    	0     	     22	              ""	     45.1880	   1008.00	    2.0	    00000000     00000000	   1	[       ]
36    	0     	     22	              ""	     46.1960	   1008.00	    2.0	    00000000     00000000	   1	[       ]
37    	0     	     22	              ""	     47.2040	   1008.00	    2.0	    00000000     00000000	   1	[       ]
38    	0     	     24	              ""	     48.2140	   1010.00	    2.0	    00000000     00000000	   1	[       ]
39    	0     	     24	              ""	     49.2220	   1008.00	    2.0	    00000000     00000000	   1	[       ]
40    	0     	     24	              ""	     50.2300	   1008.00	    2.0	    00000000     00000000	   1	[       ]
41    	0     	     23	              ""	     51.2380	   1008.00	    2.0	    00000000     00000000	   1	[       ]
42    	0     	     23	              ""	     52.2480	   1010.00	    2.0	    00000000     00000000	   1	[       ]
43    	0     	     23	              ""	     53.2560	   1008.00	    2.0	    00000000     00000000	   1	[       ]
44    	0     	     27	              ""	     54.2640	   1008.00	    2.0	    00000000     00000000	   1	[       ]
45    	0     	     27	              ""	     55.2720	   1008.00	    2.0	    00000000     00000000	   1	[       ]
46    	0     	     27	              ""	     56.2800	   1008.00	    2.0	    00000000     00000000	   1	[       ]
47    	0     	     28	              ""	     57.2900	   1010.00	    2.0	    00000000     00000000	   1	[       ]
48    	0     	     28	              ""	     58.2980	   1008.00	    2.0	    00000000     00000000	   1	[       ]
49    	0     	     28	              ""	     59.3060	   1008.00	    2.0	    00000000     00000000	   1	[       ]
50    	0     	     34	              ""	     60.3140	   1008.00	    2.0	    00000000     00000000	   1	[       ]
51    	0     	     34	              ""	     61.3220	   1008.00	    2.0	    00000000     00000000	   1	[       ]
52    	0     	     34	              ""	     62.3320	   1010.00	    2.0	    00000000     00000000	   1	[       ]
53    	0     	     32	              ""	     63.3400	   1008.00	    2.0	    00000000     00000000	   1	[       ]
54    	0     	     32	              ""	     64.3480	   1008.00	    2.0	    00000000     00000000	   1	[       ]
55    	0     	     32	              ""	     65.3560	   1008.00	    2.0	    00000000     00000000	   1	[       ]
56    	0     	     31	              ""	     66.3660	   1009.99	    2.0	    00000000     00000000	   1	[       ]
57    	0     	     31	              ""	     67.3740	   1008.00	    2.0	    00000000     00000000	   1	[       ]
58    	0     	     31	              ""	     68.3820	   1008.00	    2.0	    00000000     00000000	   1	[       ]
59    	0     	     36	              ""	     69.3900	   1008.00	    2.0	    00000000     00000000	   1	[       ]
60    	0     	     36	              ""	     70.3980	   1008.00	    2.0	    00000000     00000000	   1	[       ]
61    	0     	     36	              ""	     71.4080	   1009.99	    2.0	    00000000     00000000	   1	[       ]
62    	0     	     33	              ""	     72.4160	   1008.00	    2.0	    00000000     00000000	   1	[       ]
63    	0     	     33	              ""	     73.4240	   1008.00	    2.0	    00000000     00000000	   1	[       ]
64    	0     	     33	              ""	     74.4320	   1008.00	    2.0	    00000000     00000000	   1	[       ]
65    	0     	     38	              ""	     75.4420	   1010.00	    2.0	    00000000     00000000	   1	[       ]
66    	0     	     38	              ""	     76.4500	   1008.00	    2.0	    00000000     00000000	   1	[       ]
67    	0     	     38	              ""	     77.4580	   1008.00	    2.0	    00000000     00000000	   1	[       ]
68    	0     	     37	              ""	     78.4660	   1008.00	    2.0	    00000000     00000000	   1	[       ]
69    	0     	     37	              ""	     79.4740	   1008.00	    2.0	    00000000     00000000	   1	[       ]
70    	0     	     37	              ""	     80.4840	   1010.00	    2.0	    00000000     00000000	   1	[       ]
71    	0     	     35	              ""	     81.4920	   1008.00	    2.0	    00000000     00000000	   1	[       ]
72    	0     	     35	              ""	     82.5000	   1008.00	    2.0	    00000000     00000000	   1	[       ]
73    	0     	     35	              ""	     83.5080	   1008.00	    2.0	    00000000     00000000	   1	[       ]
74    	0     	     47	              ""	     84.5160	   1008.00	    2.0	    00000000     00000000	   1	[       ]
75    	0     	     47	              ""	     85.5260	   1010.00	    2.0	    00000000     00000000	   1	[       ]
76    	0     	     47	              ""	     86.5340	   1008.00	    2.0	    00000000     00000000	   1	[       ]
77    	0     	     46	              ""	     87.5420	   1008.00	    2.0	    00000000     00000000	   1	[       ]
78    	0     	     46	              ""	     88.5500	   1008.00	    2.0	    00000000     00000000	   1	[       ]
79    	0     	     46	              ""	     89.5600	   1009.99	    2.0	    00000000     00000000	   1	[       ]
80    	0     	     42	              ""	     90.5680	   1008.00	    2.0	    00000000     00000000	   1	[       ]
81    	0     	     42	              ""	     91.5760	   1008.00	    2.0	    00000000     00000000	   1	[       ]
82    	0     	     42	              ""	     92.5840	   1008.00	    2.0	    00000000     00000000	   1	[       ]
83    	0     	     44	              ""	     93.5920	   1008.00	    2.0	    00000000     00000000	   1	[       ]
84    	0     	     44	              ""	     94.6020	   1009.99	    2.0	    00000000     00000000	   1	[       ]
85    	0     	     44	              ""	     95.6100	   1008.00	    2.0	    00000000     00000000	   1	[       ]
86    	0     	     43	              ""	     96.6180	   1008.00	    2.0	    00000000     00000000	   1	[       ]
87    	0     	     43	              ""	     97.6260	   1008.00	    2.0	    00000000     00000000	   1	[       ]
88    	0     	     43	              ""	     98.6340	   1008.00	    2.0	    00000000     00000000	   1	[       ]
89    	0     	     45	              ""	     99.6440	   1009.99	    2.0	    00000000     00000000	   1	[       ]
90    	0     	     45	              ""	    100.6520	   1008.00	    2.0	    00000000     00000000	   1	[       ]
91    	0     	     45	              ""	    101.6600	   1008.00	    2.0	    00000000     00000000	   1	[       ]
92    	0     	     48	              ""	    102.6680	   1008.00	    2.0	    00000000     00000000	   1	[       ]
93    	0     	     48	              ""	    103.6780	   1010.00	    2.0	    00000000     00000000	   1	[       ]
94    	0     	     48	              ""	    104.6860	   1008.00	    2.0	    00000000     00000000	   1	[       ]
95    	0     	     41	              ""	    105.6940	   1008.00	    2.0	    00000000     00000000	   1	[       ]
96    	0     	     41	              ""	    106.7020	   1008.00	    2.0	    00000000     00000000	   1	[       ]
97    	0     	     41	              ""	    107.7100	   1008.00	    2.0	    00000000     00000000	   1	[       ]
98    	0     	     56	              ""	    108.7200	   1010.00	    2.0	    00000000     00000000	   1	[       ]
99    	0     	     56	              ""	    109.7280	   1008.00	    2.0	    00000000     00000000	   1	[       ]
100   	0     	     56	              ""	    110.7360	   1008.00	    2.0	    00000000     00000000	   1	[       ]
101   	0     	     58	              ""	    111.7440	   1008.00	    2.0	    00000000     00000000	   1	[       ]
102   	0     	     58	              ""	    112.7520	   1008.00	    2.0	    00000000     00000000	   1	[       ]
103   	0     	     58	              ""	    113.7620	   1010.00	    2.0	    00000000     00000000	   1	[       ]
104   	0     	     51	              ""	    114.7700	   1008.00	    2.0	    00000000     00000000	   1	[       ]
105   	0     	     51	              ""	    115.7780	   1008.00	    2.0	    00000000     00000000	   1	[       ]
106   	0     	     51	              ""	    116.7860	   1008.00	    2.0	    00000000     00000000	   1	[       ]
107   	0     	     57	              ""	    117.7960	   1009.99	    2.0	    00000000     00000000	   1	[       ]
108   	0     	     57	              ""	    118.8040	   1008.00	    2.0	    00000000     00000000	   1	[       ]
109   	0     	     57	              ""	    119.8120	   1008.00	    2.0	    00000000     00000000	   1	[       ]
110   	0     	     55	              ""	    120.8200	   1008.00	    2.0	    00000000     00000000	   1	[       ]
111   	0     	     55	              ""	    121.8280	   1008.00	    2.0	    00000000     00000000	   1	[       ]
112   	0     	     55	              ""	    122.8380	   1009.99	    2.0	    00000000     00000000	   1	[       ]
113   	0     	     54	              ""	    123.8460	   1008.00	    2.0	    00000000     00000000	   1	[       ]
114   	0     	     54	              ""	    124.8540	   1008.00	    2.0	    00000000     00000000	   1	[       ]
115   	0     	     54	              ""	    125.8620	   1008.00	    2.0	    00000000     00000000	   1	[       ]
116   	0     	     52	              ""	    126.8720	   1010.00	    2.0	    00000000     00000000	   1	[       ]
117   	0     	     52	              ""	    127.8800	   1008.00	    2.0	    00000000     00000000	   1	[       ]
118   	0     	     52	              ""	    128.8880	   1008.00	    2.0	    00000000     00000000	   1	[       ]
119   	0     	     53	              ""	    129.8960	   1008.00	    2.0	    00000000     00000000	   1	[       ]
120   	0     	     53	              ""	    130.9040	   1008.01	    2.0	    00000000     00000000	   1	[       ]
121   	0     	     53	              ""	    131.9140	   1009.99	    2.0	    00000000     00000000	   1	[       ]
122   	0     	     67	              ""	    132.9220	   1008.00	    2.0	    00000000     00000000	   1	[       ]
123   	0     	     67	              ""	    133.9300	   1008.00	    2.0	    00000000     00000000	   1	[       ]
124   	0     	      4	              ""	    134.2020	    272.00	    2.0	    00000000     00000000	   1	[       ]
125   	0     	     67	              ""	    134.9380	    736.01	    2.0	    00000000     00000000	   1	[       ]
126   	0     	     62	              ""	    135.9460	   1008.00	    2.0	    00000000     00000000	   1	[       ]
127   	0     	     62	              ""	    136.9560	   1009.99	    2.0	    00000000     00000000	   1	[       ]
128   	0     	     62	              ""	    137.9640	   1008.01	    2.0	    00000000     00000000	   1	[       ]
129   	0     	     64	              ""	    138.9720	   1008.00	    2.0	    00000000     00000000	   1	[       ]
130   	0     	     64	              ""	    139.9800	   1008.00	    2.0	    00000000     00000000	   1	[       ]
131   	0     	     64	              ""	    140.9900	   1010.01	    2.0	    00000000     00000000	   1	[       ]
132   	0     	     66	              ""	    141.9980	   1008.00	    2.0	    00000000     00000000	   1	[       ]
133   	0     	     66	              ""	    143.0060	   1008.00	    2.0	    00000000     00000000	   1	[       ]
134   	0     	     66	              ""	    144.0140	   1008.01	    2.0	    00000000     00000000	   1	[       ]
135   	0     	     63	              ""	    145.0220	   1008.00	    2.0	    00000000     00000000	   1	[       ]
136   	0     	     63	              ""	    146.0320	   1009.99	    2.0	    00000000     00000000	   1	[       ]
137   	0     	     63	              ""	    147.0400	   1008.00	    2.0	    00000000     00000000	   1	[       ]
138   	0     	     65	              ""	    148.0480	   1008.01	    2.0	    00000000     00000000	   1	[       ]
139   	0     	     65	              ""	    149.0560	   1008.00	    2.0	    00000000     00000000	   1	[       ]
140   	0     	     65	              ""	    150.0640	   1008.00	    2.0	    00000000     00000000	   1	[       ]
141   	0     	     68	              ""	    151.0740	   1010.01	    2.0	    00000000     00000000	   1	[       ]
142   	0     	     68	              ""	    152.0820	   1008.00	    2.0	    00000000     00000000	   1	[       ]
143   	0     	     68	              ""	    153.0900	   1008.00	    2.0	    00000000     00000000	   1	[       ]
144   	0     	     61	              ""	    154.0980	   1008.01	    2.0	    00000000     00000000	   1	[       ]
145   	0     	     61	              ""	    155.1080	   1009.99	    2.0	    00000000     00000000	   1	[       ]
146   	0     	     61	              ""	    156.1160	   1008.00	    2.0	    00000000     00000000	   1	[       ]
147   	0     	     74	              ""	    157.1240	   1008.00	    2.0	    00000000     00000000	   1	[       ]
148   	0     	     74	              ""	    158.1320	   1008.01	    2.0	    00000000     00000000	   1	[       ]
149   	0     	     74	              ""	    159.1400	   1008.00	    2.0	    00000000     00000000	   1	[       ]
150   	0     	     76	              ""	    160.1500	   1009.99	    2.0	    00000000     00000000	   1	[       ]
151   	0     	     76	              ""	    161.1580	   1008.01	    2.0	    00000000     00000000	   1	[       ]
152   	0     	     76	              ""	    162.1660	   1008.00	    2.0	    00000000     00000000	   1	[       ]
153   	0     	     78	              ""	    163.1740	   1008.00	    2.0	    00000000     00000000	   1	[       ]
154   	0     	     78	              ""	    164.1840	   1010.01	    2.0	    00000000     00000000	   1	[       ]
155   	0     	     78	              ""	    165.1920	   1008.00	    2.0	    00000000     00000000	   1	[       ]
156   	0     	     72	              ""	    166.2000	   1008.00	    2.0	    00000000     00000000	   1	[       ]
157   	0     	     72	              ""	    167.2080	   1008.00	    2.0	    00000000     00000000	   1	[       ]
158   	0     	     72	              ""	    168.2160	   1008.01	    2.0	    00000000     00000000	   1	[       ]
159   	0     	     77	              ""	    169.2260	   1009.99	    2.0	    00000000     00000000	   1	[       ]
160   	0     	     77	              ""	    170.2340	   1008.00	    2.0	    00000000     00000000	   1	[       ]
161   	0     	     77	              ""	    171.2420	   1008.01	    2.0	    00000000     00000000	   1	[       ]
162   	0     	     73	              ""	    172.2500	   1008.00	    2.0	    00000000     00000000	   1	[       ]
163   	0     	     73	              ""	    173.2580	   1008.00	    2.0	    00000000     00000000	   1	[       ]
164   	0     	     73	              ""	    174.2680	   1010.01	    2.0	    00000000     00000000	   1	[       ]
165   	0     	     71	              ""	    175.2760	   1008.00	    2.0	    00000000     00000000	   1	[       ]
166   	0     	     71	              ""	    176.2840	   1008.00	    2.0	    00000000     00000000	   1	[       ]
167   	0     	     71	              ""	    177.2920	   1008.01	    2.0	    00000000     00000000	   1	[       ]
168   	0     	     75	              ""	    178.3020	   1009.99	    2.0	    00000000     00000000	   1	[       ]
169   	0     	     75	              ""	    179.3100	   1008.00	    2.0	    00000000     00000000	   1	[       ]
170   	0     	     75	              ""	    180.3180	   1008.00	    2.0	    00000000     00000000	   1	[       ]
171   	0     	     87	              ""	    181.3260	   1008.01	    2.0	    00000000     00000000	   1	[       ]
172   	0     	     87	              ""	    182.3340	   1008.00	    2.0	    00000000     00000000	   1	[       ]
173   	0     	     87	              ""	    183.3440	   1009.99	    2.0	    00000000     00000000	   1	[       ]
174   	0     	     83	              ""	    184.3520	   1008.01	    2.0	    00000000     00000000	   1	[       ]
175   	0     	     83	              ""	    185.3600	   1008.00	    2.0	    00000000     00000000	   1	[       ]
176   	0     	     83	              ""	    186.3680	   1008.00	    2.0	    00000000     00000000	   1	[       ]
177   	0     	     82	              ""	    187.3760	   1008.01	    2.0	    00000000     00000000	   1	[       ]
178   	0     	     82	              ""	    188.3860	   1009.99	    2.0	    00000000     00000000	   1	[       ]
179   	0     	     82	              ""	    189.3940	   1008.00	    2.0	    00000000     00000000	   1	[       ]
180   	0     	     84	              ""	    190.4020	   1008.00	    2.0	    00000000     00000000	   1	[       ]
181   	0     	     84	              ""	    191.4100	   1008.01	    2.0	    00000000     00000000	   1	[       ]
182   	0     	     84	              ""	    192.4200	   1009.99	    2.0	    00000000     00000000	   1	[       ]
183   	0     	     85	              ""	    193.4280	   1008.00	    2.0	    00000000     00000000	   1	[       ]
184   	0     	     85	              ""	    194.4360	   1008.01	    2.0	    00000000     00000000	   1	[       ]
185   	0     	     85	              ""	    195.4440	   1008.00	    2.0	    00000000     00000000	   1	[       ]
186   	0     	     88	              ""	    196.4520	   1008.00	    2.0	    00000000     00000000	   1	[       ]
187   	0     	     88	              ""	    197.4620	   1010.01	    2.0	    00000000     00000000	   1	[       ]
188   	0     	     88	              ""	    198.4700	   1008.00	    2.0	    00000000     00000000	   1	[       ]
189   	0     	     86	              ""	    199.4780	   1008.00	    2.0	    00000000     00000000	   1	[       ]
190   	0     	     86	              ""	    200.4860	   1008.00	    2.0	    00000000     00000000	   1	[       ]
191   	0     	     86	              ""	    201.4940	   1008.01	    2.0	    00000000     00000000	   1	[       ]
192   	0     	     81	              ""	    202.5040	   1009.99	    2.0	    00000000     00000000	   1	[       ]
193   	0     	     81	              ""	    203.5120	   1008.00	    2.0	    00000000     00000000	   1	[       ]
194   	0     	     81	              ""	    204.5200	   1008.01	    2.0	    00000000     00000000	   1	[       ]
195   	0     	     92	              ""	    205.5280	   1008.00	    2.0	    00000000     00000000	   1	[       ]
196   	0     	     92	              ""	    206.5380	   1009.99	    2.0	    00000000     00000000	   1	[       ]
197   	0     	     92	              ""	    207.5460	   1008.01	    2.0	    00000000     00000000	   1	[       ]
198   	0     	     94	              ""	    208.5540	   1008.00	    2.0	    00000000     00000000	   1	[       ]
199   	0     	     94	              ""	    209.5620	   1008.00	    2.0	    00000000     00000000	   1	[       ]
200   	0     	     94	              ""	    210.5700	   1008.01	    2.0	    00000000     00000000	   1	[       ]
201   	0     	     91	              ""	    211.5800	   1009.99	    2.0	    00000000     00000000	   1	[       ]
202   	0     	     91	              ""	    212.5880	   1008.00	    2.0	    00000000     00000000	   1	[       ]
203   	0     	     91	              ""	    213.5960	   1008.00	    2.0	    00000000     00000000	   1	[       ]
204   	0     	     95	              ""	    214.6040	   1008.01	    2.0	    00000000     00000000	   1	[       ]
205   	0     	     95	              ""	    215.6140	   1009.99	    2.0	    00000000     00000000	   1	[       ]
206   	0     	     95	              ""	    216.6220	   1008.00	    2.0	    00000000     00000000	   1	[       ]
207   	0     	     97	              ""	    217.6300	   1008.01	    2.0	    00000000     00000000	   1	[       ]
208   	0     	     97	              ""	    218.6380	   1008.00	    2.0	    00000000     00000000	   1	[       ]
209   	0     	     97	              ""	    219.6460	   1008.00	    2.0	    00000000     00000000	   1	[       ]
210   	0     	     96	              ""	    220.6560	   1010.01	    2.0	    00000000     00000000	   1	[       ]
211   	0     	     96	              ""	    221.6640	   1008.00	    2.0	    00000000     00000000	   1	[       ]
212   	0     	     96	              ""	    222.6720	   1008.00	    2.0	    00000000     00000000	   1	[       ]
213   	0     	     93	              ""	    223.6800	   1008.00	    2.0	    00000000     00000000	   1	[       ]
214   	0     	     93	              ""	    224.6880	   1008.01	    2.0	    00000000     00000000	   1	[       ]
215   	0     	     93	              ""	    225.6980	   1009.99	    2.0	    00000000     00000000	   1	[       ]
216   	0     	     98	              ""	    226.7060	   1008.00	    2.0	    00000000     00000000	   1	[       ]
217   	0     	     98	              ""	    227.7140	   1008.01	    2.0	    00000000     00000000	   1	[       ]
218   	0     	     98	              ""	    228.7220	   1008.00	    2.0	    00000000     00000000	   1	[       ]
219   	0     	    106	              ""	    229.7320	   1009.99	    2.0	    00000000     00000000	   1	[       ]
220   	0     	    106	              ""	    230.7400	   1008.01	    2.0	    00000000     00000000	   1	[       ]
221   	0     	    106	              ""	    231.7480	   1008.00	    2.0	    00000000     00000000	   1	[       ]
222   	0     	    102	              ""	    232.7560	   1008.00	    2.0	    00000000     00000000	   1	[       ]
223   	0     	    102	              ""	    233.7640	   1008.01	    2.0	    00000000     00000000	   1	[       ]
224   	0     	    102	              ""	    234.7740	   1009.99	    2.0	    00000000     00000000	   1	[       ]
225   	0     	    108	              ""	    235.7820	   1008.00	    2.0	    00000000     00000000	   1	[       ]
226   	0     	    108	              ""	    236.7900	   1008.00	    2.0	    00000000     00000000	   1	[       ]
227   	0     	    108	              ""	    237.7980	   1008.01	    2.0	    00000000     00000000	   1	[       ]
228   	0     	    103	              ""	    238.8060	   1008.00	    2.0	    00000000     00000000	   1	[       ]
229   	0     	    103	              ""	    239.8160	   1009.99	    2.0	    00000000     00000000	   1	[       ]
230   	0     	    103	              ""	    240.8240	   1008.01	    2.0	    00000000     00000000	   1	[       ]
231   	0     	    101	              ""	    241.8320	   1008.00	    2.0	    00000000     00000000	   1	[       ]
232   	0     	    101	              ""	    242.8400	   1008.00	    2.0	    00000000     00000000	   1	[       ]
233   	0     	    101	              ""	    243.8500	   1010.01	    2.0	    00000000     00000000	   1	[       ]
234   	0     	    104	              ""	    244.8580	   1008.00	    2.0	    00000000     00000000	   1	[       ]
235   	0     	    104	              ""	    245.8660	   1008.00	    2.0	    00000000     00000000	   1	[       ]
236   	0     	    104	              ""	    246.8740	   1008.00	    2.0	    00000000     00000000	   1	[       ]
237   	0     	    107	              ""	    247.8820	   1008.01	    2.0	    00000000     00000000	   1	[       ]
238   	0     	    107	              ""	    248.8920	   1009.99	    2.0	    00000000     00000000	   1	[       ]
239   	0     	    107	              ""	    249.9000	   1008.00	    2.0	    00000000     00000000	   1	[       ]
240   	0     	    105	              ""	    250.9080	   1008.01	    2.0	    00000000     00000000	   1	[       ]
241   	0     	    105	              ""	    251.9160	   1008.00	    2.0	    00000000     00000000	   1	[       ]
242   	0     	    105	              ""	    252.9260	   1009.99	    2.0	    00000000     00000000	   1	[       ]
243   	0     	    112	              ""	    253.9340	   1008.01	    2.0	    00000000     00000000	   1	[       ]
244   	0     	    112	              ""	    254.9420	   1008.00	    2.0	    00000000     00000000	   1	[       ]
245   	0     	    112	              ""	    255.9500	   1008.00	    2.0	    00000000     00000000	   1	[       ]
246   	0     	    114	              ""	    256.9580	   1008.01	    2.0	    00000000     00000000	   1	[       ]
247   	0     	    114	              ""	    257.9680	   1009.98	    2.0	    00000000     00000000	   1	[       ]
248   	0     	    114	              ""	    258.9760	   1008.03	    2.0	    00000000     00000000	   1	[       ]
249   	0     	    117	              ""	    259.9840	   1008.00	    2.0	    00000000     00000000	   1	[       ]
250   	0     	    117	              ""	    260.9920	   1008.00	    2.0	    00000000     00000000	   1	[       ]
251   	0     	    117	              ""	    262.0000	   1008.00	    2.0	    00000000     00000000	   1	[       ]
252   	0     	    111	              ""	    263.0100	   1010.01	    2.0	    00000000     00000000	   1	[       ]
253   	0     	    111	              ""	    264.0180	   1008.00	    2.0	    00000000     00000000	   1	[       ]
254   	0     	    111	              ""	    265.0260	   1008.00	    2.0	    00000000     00000000	   1	[       ]
255   	0     	    115	              ""	    266.0340	   1008.00	    2.0	    00000000     00000000	   1	[       ]
256   	0     	    115	              ""	    267.0440	   1010.01	    2.0	    00000000     00000000	   1	[       ]
257   	0     	    115	              ""	    268.0520	   1008.00	    2.0	    00000000     00000000	   1	[       ]
258   	0     	    116	              ""	    269.0600	   1008.00	    2.0	    00000000     00000000	   1	[       ]
259   	0     	    116	              ""	    270.0680	   1008.00	    2.0	    00000000     00000000	   1	[       ]
260   	0     	    116	              ""	    271.0760	   1008.00	    2.0	    00000000     00000000	   1	[       ]
261   	0     	    118	              ""	    272.0860	   1010.01	    2.0	    00000000     00000000	   1	[       ]
262   	0     	    118	              ""	    273.0940	   1008.00	    2.0	    00000000     00000000	   1	[       ]
263   	0     	    118	              ""	    274.1020	   1008.00	    2.0	    00000000     00000000	   1	[       ]
264   	0     	    113	              ""	    275.1100	   1008.00	    2.0	    00000000     00000000	   1	[       ]
265   	0     	    113	              ""	    276.1180	   1008.03	    2.0	    00000000     00000000	   1	[       ]
266   	0     	    113	              ""	    277.1280	   1009.98	    2.0	    00000000     00000000	   1	[       ]
267   	0     	    121	              ""	    278.1360	   1008.00	    2.0	    00000000     00000000	   1	[       ]
268   	0     	    121	              ""	    279.1440	   1008.03	    2.0	    00000000     00000000	   1	[       ]
269   	0     	    121	              ""	    280.1520	   1008.00	    2.0	    00000000     00000000	   1	[       ]
270   	0     	    122	              ""	    281.1620	   1009.98	    2.0	    00000000     00000000	   1	[       ]
271   	0     	    122	              ""	    282.1700	   1008.03	    2.0	    00000000     00000000	   1	[       ]
272   	0     	    122	              ""	    283.1780	   1008.00	    2.0	    00000000     00000000	   1	[       ]
273   	0     	    128	              ""	    284.1860	   1008.00	    2.0	    00000000     00000000	   1	[       ]
274   	0     	    128	              ""	    285.1940	   1008.00	    2.0	    00000000     00000000	   1	[       ]
275   	0     	    128	              ""	    286.2040	   1010.01	    2.0	    00000000     00000000	   1	[       ]
276   	0     	    127	              ""	    287.2120	   1008.00	    2.0	    00000000     00000000	   1	[       ]
277   	0     	    127	              ""	    288.2200	   1008.00	    2.0	    00000000     00000000	   1	[       ]
278   	0     	    127	              ""	    289.2280	   1008.00	    2.0	    00000000     00000000	   1	[       ]
279   	0     	    126	              ""	    290.2360	   1008.00	    2.0	    00000000     00000000	   1	[       ]
280   	0     	    126	              ""	    291.2460	   1010.01	    2.0	    00000000     00000000	   1	[       ]
281   	0     	    126	              ""	    292.2540	   1008.00	    2.0	    00000000     00000000	   1	[       ]
282   	0     	    125	              ""	    293.2620	   1008.00	    2.0	    00000000     00000000	   1	[       ]
283   	0     	    125	              ""	    294.2700	   1008.00	    2.0	    00000000     00000000	   1	[       ]
284   	0     	    125	              ""	    295.2800	   1010.01	    2.0	    00000000     00000000	   1	[       ]
285   	0     	    123	              ""	    296.2880	   1008.00	    2.0	    00000000     00000000	   1	[       ]
286   	0     	    123	              ""	    297.2960	   1008.00	    2.0	    00000000     00000000	   1	[       ]
287   	0     	    123	              ""	    298.3040	   1008.00	    2.0	    00000000     00000000	   1	[       ]
288   	0     	    124	              ""	    299.3120	   1008.03	    2.0	    00000000     00000000	   1	[       ]
289   	0     	    124	              ""	    300.3220	   1009.98	    2.0	    00000000     00000000	   1	[       ]
290   	0     	    124	              ""	    301.3300	   1008.00	    2.0	    00000000     00000000	   1	[       ]
291   	0     	    133	              ""	    302.3380	   1008.03	    2.0	    00000000     00000000	   1	[       ]
292   	0     	    133	              ""	    303.3460	   1008.00	    2.0	    00000000     00000000	   1	[       ]
293   	0     	    133	              ""	    304.3560	   1009.98	    2.0	    00000000     00000000	   1	[       ]
294   	0     	    136	              ""	    305.3640	   1008.03	    2.0	    00000000     00000000	   1	[       ]
295   	0     	    136	              ""	    306.3720	   1008.00	    2.0	    00000000     00000000	   1	[       ]
296   	0     	    136	              ""	    307.3800	   1008.00	    2.0	    00000000     00000000	   1	[       ]
297   	0     	    137	              ""	    308.3880	   1008.00	    2.0	    00000000     00000000	   1	[       ]
298   	0     	    137	              ""	    309.3980	   1010.01	    2.0	    00000000     00000000	   1	[       ]
299   	0     	    137	              ""	    310.4060	   1008.00	    2.0	    00000000     00000000	   1	[       ]
300   	0     	    138	              ""	    311.4140	   1008.00	    2.0	    00000000     00000000	   1	[       ]
301   	0     	    138	              ""	    312.4220	   1008.00	    2.0	    00000000     00000000	   1	[       ]
302   	0     	    138	              ""	    313.4300	   1008.00	    2.0	    00000000     00000000	   1	[       ]
303   	0     	    134	              ""	    314.4400	   1010.01	    2.0	    00000000     00000000	   1	[       ]
304   	0     	    134	              ""	    315.4480	   1008.00	    2.0	    00000000     00000000	   1	[       ]
305   	0     	    134	              ""	    316.4560	   1008.00	    2.0	    00000000     00000000	   1	[       ]
306   	0     	    132	              ""	    317.4640	   1008.00	    2.0	    00000000     00000000	   1	[       ]
307   	0     	    132	              ""	    318.4740	   1010.01	    2.0	    00000000     00000000	   1	[       ]
308   	0     	    132	              ""	    319.4820	   1008.00	    2.0	    00000000     00000000	   1	[       ]
309   	0     	    131	              ""	    320.4900	   1008.00	    2.0	    00000000     00000000	   1	[       ]
310   	0     	    131	              ""	    321.4980	   1008.00	    2.0	    00000000     00000000	   1	[       ]
311   	0     	    131	              ""	    322.5060	   1008.03	    2.0	    00000000     00000000	   1	[       ]
312   	0     	    135	              ""	    323.5160	   1009.98	    2.0	    00000000     00000000	   1	[       ]
313   	0     	    135	              ""	    324.5240	   1008.00	    2.0	    00000000     00000000	   1	[       ]
314   	0     	    135	              ""	    325.5320	   1008.03	    2.0	    00000000     00000000	   1	[       ]
315   	0     	    142	              ""	    326.5400	   1008.00	    2.0	    00000000     00000000	   1	[       ]
316   	0     	    142	              ""	    327.5480	   1008.00	    2.0	    00000000     00000000	   1	[       ]
317   	0     	    142	              ""	    328.5580	   1010.01	    2.0	    00000000     00000000	   1	[       ]
318   	0     	    145	              ""	    329.5660	   1008.00	    2.0	    00000000     00000000	   1	[       ]
319   	0     	    145	              ""	    330.5740	   1008.00	    2.0	    00000000     00000000	   1	[       ]
320   	0     	    145	              ""	    331.5820	   1008.00	    2.0	    00000000     00000000	   1	[       ]
321   	0     	    144	              ""	    332.5920	   1010.01	    2.0	    00000000     00000000	   1	[       ]
322   	0     	    144	              ""	    333.6000	   1008.00	    2.0	    00000000     00000000	   1	[       ]
323   	0     	    144	              ""	    334.6080	   1008.00	    2.0	    00000000     00000000	   1	[       ]
324   	0     	    146	              ""	    335.6160	   1008.00	    2.0	    00000000     00000000	   1	[       ]
325   	0     	    146	              ""	    336.6240	   1008.00	    2.0	    00000000     00000000	   1	[       ]
326   	0     	    146	              ""	    337.6340	   1010.01	    2.0	    00000000     00000000	   1	[       ]
327   	0     	    148	              ""	    338.6420	   1008.00	    2.0	    00000000     00000000	   1	[       ]
328   	0     	    148	              ""	    339.6500	   1008.00	    2.0	    00000000     00000000	   1	[       ]
329   	0     	    148	              ""	    340.6580	   1008.00	    2.0	    00000000     00000000	   1	[       ]
330   	0     	    141	              ""	    341.6680	   1010.01	    2.0	    00000000     00000000	   1	[       ]
331   	0     	    141	              ""	    342.6760	   1008.00	    2.0	    00000000     00000000	   1	[       ]
332   	0     	    141	              ""	    343.6840	   1008.00	    2.0	    00000000     00000000	   1	[       ]
333   	0     	    147	              ""	    344.6920	   1008.00	    2.0	    00000000     00000000	   1	[       ]
334   	0     	    147	              ""	    345.7000	   1008.03	    2.0	    00000000     00000000	   1	[       ]
335   	0     	    147	              ""	    346.7100	   1009.98	    2.0	    00000000     00000000	   1	[       ]
336   	0     	    143	              ""	    347.7180	   1008.00	    2.0	    00000000     00000000	   1	[       ]
337   	0     	    143	              ""	    348.7260	   1008.03	    2.0	    00000000     00000000	   1	[       ]
338   	0     	    143	              ""	    349.7340	   1008.00	    2.0	    00000000     00000000	   1	[       ]
339   	0     	    151	              ""	    350.7420	   1008.00	    2.0	    00000000     00000000	   1	[       ]
340   	0     	    151	              ""	    351.7520	   1010.01	    2.0	    00000000     00000000	   1	[       ]
341   	0     	    151	              ""	    352.7600	   1008.00	    2.0	    00000000     00000000	   1	[       ]
342   	0     	    158	              ""	    353.7680	   1008.00	    2.0	    00000000     00000000	   1	[       ]
343   	0     	    158	              ""	    354.7760	   1008.00	    2.0	    00000000     00000000	   1	[       ]
344   	0     	    158	              ""	    355.7860	   1010.01	    2.0	    00000000     00000000	   1	[       ]
345   	0     	    156	              ""	    356.7940	   1008.00	    2.0	    00000000     00000000	   1	[       ]
346   	0     	    156	              ""	    357.8020	   1008.00	    2.0	    00000000     00000000	   1	[       ]
347   	0     	    156	              ""	    358.8100	   1008.00	    2.0	    00000000     00000000	   1	[       ]
348   	0     	    154	              ""	    359.8180	   1008.00	    2.0	    00000000     00000000	   1	[       ]
349   	0     	    154	              ""	    360.8280	   1010.01	    2.0	    00000000     00000000	   1	[       ]
350   	0     	    154	              ""	    361.8360	   1008.00	    2.0	    00000000     00000000	   1	[       ]
351   	0     	    153	              ""	    362.8440	   1008.00	    2.0	    00000000     00000000	   1	[       ]
352   	0     	    153	              ""	    363.8520	   1008.00	    2.0	    00000000     00000000	   1	[       ]
353   	0     	    153	              ""	    364.8600	   1008.00	    2.0	    00000000     00000000	   1	[       ]
354   	0     	    155	              ""	    365.8700	   1010.01	    2.0	    00000000     00000000	   1	[       ]
355   	0     	    155	              ""	    366.8780	   1008.00	    2.0	    00000000     00000000	   1	[       ]
356   	0     	    155	              ""	    367.8860	   1008.00	    2.0	    00000000     00000000	   1	[       ]
357   	0     	    152	              ""	    368.8940	   1008.03	    2.0	    00000000     00000000	   1	[       ]
358   	0     	    152	              ""	    369.9040	   1009.98	    2.0	    00000000     00000000	   1	[       ]
359   	0     	    152	              ""	    370.9120	   1008.00	    2.0	    00000000     00000000	   1	[       ]
360   	0     	    157	              ""	    371.9200	   1008.03	    2.0	    00000000     00000000	   1	[       ]
361   	0     	    157	              ""	    372.9280	   1008.00	    2.0	    00000000     00000000	   1	[       ]
362   	0     	    157	              ""	    373.9360	   1008.00	    2.0	    00000000     00000000	   1	[       ]
363   	0     	    165	              ""	    374.9460	   1010.01	    2.0	    00000000     00000000	   1	[       ]
364   	0     	    165	              ""	    375.9540	   1008.00	    2.0	    00000000     00000000	   1	[       ]
365   	0     	    165	              ""	    376.9620	   1008.00	    2.0	    00000000     00000000	   1	[       ]
366   	0     	    164	              ""	    377.9700	   1008.00	    2.0	    00000000     00000000	   1	[       ]
367   	0     	    164	              ""	    378.9800	   1010.01	    2.0	    00000000     00000000	   1	[       ]
368   	0     	    164	              ""	    379.9880	   1008.00	    2.0	    00000000     00000000	   1	[       ]
369   	0     	    168	              ""	    380.9960	   1008.00	    2.0	    00000000     00000000	   1	[       ]
370   	0     	    168	              ""	    382.0040	   1008.00	    2.0	    00000000     00000000	   1	[       ]
371   	0     	    168	              ""	    383.0120	   1008.00	    2.0	    00000000     00000000	   1	[       ]
372   	0     	    162	              ""	    384.0220	   1010.01	    2.0	    00000000     00000000	   1	[       ]
373   	0     	    162	              ""	    385.0300	   1008.00	    2.0	    00000000     00000000	   1	[       ]
374   	0     	    162	              ""	    386.0380	   1008.00	    2.0	    00000000     00000000	   1	[       ]
375   	0     	    167	              ""	    387.0460	   1008.00	    2.0	    00000000     00000000	   1	[       ]
376   	0     	    167	              ""	    388.0540	   1008.00	    2.0	    00000000     00000000	   1	[       ]
377   	0     	    167	              ""	    389.0640	   1010.01	    2.0	    00000000     00000000	   1	[       ]
378   	0     	    166	              ""	    390.0720	   1008.00	    2.0	    00000000     00000000	   1	[       ]
379   	0     	    166	              ""	    391.0800	   1008.00	    2.0	    00000000     00000000	   1	[       ]
380   	0     	    166	              ""	    392.0880	   1008.03	    2.0	    00000000     00000000	   1	[       ]
381   	0     	    163	              ""	    393.0980	   1009.98	    2.0	    00000000     00000000	   1	[       ]
382   	0     	    163	              ""	    394.1060	   1008.00	    2.0	    00000000     00000000	   1	[       ]
383   	0     	    163	              ""	    395.1140	   1008.03	    2.0	    00000000     00000000	   1	[       ]
384   	0     	    161	              ""	    396.1220	   1008.00	    2.0	    00000000     00000000	   1	[       ]
385   	0     	    161	              ""	    397.1300	   1008.00	    2.0	    00000000     00000000	   1	[       ]
386   	0     	    161	              ""	    398.1400	   1010.01	    2.0	    00000000     00000000	   1	[       ]
387   	0     	    173	              ""	    399.1480	   1008.00	    2.0	    00000000     00000000	   1	[       ]
388   	0     	    173	              ""	    400.1560	   1008.00	    2.0	    00000000     00000000	   1	[       ]
389   	0     	    173	              ""	    401.1640	   1008.00	    2.0	    00000000     00000000	   1	[       ]
390   	0     	    175	              ""	    402.1720	   1008.00	    2.0	    00000000     00000000	   1	[       ]
391   	0     	    175	              ""	    403.1820	   1010.01	    2.0	    00000000     00000000	   1	[       ]
392   	0     	    175	              ""	    404.1900	   1008.00	    2.0	    00000000     00000000	   1	[       ]
393   	0     	    172	              ""	    405.1980	   1008.00	    2.0	    00000000     00000000	   1	[       ]
394   	0     	    172	              ""	    406.2060	   1008.00	    2.0	    00000000     00000000	   1	[       ]
395   	0     	    172	              ""	    407.2160	   1010.01	    2.0	    00000000     00000000	   1	[       ]
396   	0     	    178	              ""	    408.2240	   1008.00	    2.0	    00000000     00000000	   1	[       ]
397   	0     	    178	              ""	    409.2320	   1008.00	    2.0	    00000000     00000000	   1	[       ]
398   	0     	    178	              ""	    410.2400	   1008.00	    2.0	    00000000     00000000	   1	[       ]
399   	0     	    174	              ""	    411.2480	   1008.00	    2.0	    00000000     00000000	   1	[       ]
400   	0     	    174	              ""	    412.2580	   1010.01	    2.0	    00000000     00000000	   1	[       ]
401   	0     	    174	              ""	    413.2660	   1008.00	    2.0	    00000000     00000000	   1	[       ]
402   	0     	    176	              ""	    414.2740	   1008.00	    2.0	    00000000     00000000	   1	[       ]
403   	0     	    176	              ""	    415.2820	   1008.03	    2.0	    00000000     00000000	   1	[       ]
404   	0     	    176	              ""	    416.2900	   1008.00	    2.0	    00000000     00000000	   1	[       ]
405   	0     	    171	              ""	    417.3000	   1009.98	    2.0	    00000000     00000000	   1	[       ]
406   	0     	    171	              ""	    418.3080	   1008.03	    2.0	    00000000     00000000	   1	[       ]
407   	0     	    171	              ""	    419.3160	   1008.00	    2.0	    00000000     00000000	   1	[       ]
408   	0     	    177	              ""	    420.3240	   1008.00	    2.0	    00000000     00000000	   1	[       ]
409   	0     	    177	              ""	    421.3340	   1010.01	    2.0	    00000000     00000000	   1	[       ]
410   	0     	    177	              ""	    422.3420	   1008.00	    2.0	    00000000     00000000	   1	[       ]
411   	0     	    188	              ""	    423.3500	   1008.00	    2.0	    00000000     00000000	   1	[       ]
412   	0     	    188	              ""	    424.3580	   1008.00	    2.0	    00000000     00000000	   1	[       ]
413   	0     	    188	              ""	    425.3660	   1008.00	    2.0	    00000000     00000000	   1	[       ]
414   	0     	    186	              ""	    426.3760	   1010.01	    2.0	    00000000     00000000	   1	[       ]
415   	0     	    186	              ""	    427.3840	   1008.00	    2.0	    00000000     00000000	   1	[       ]
416   	0     	    186	              ""	    428.3920	   1008.00	    2.0	    00000000     00000000	   1	[       ]
417   	0     	    182	              ""	    429.4000	   1008.00	    2.0	    00000000     00000000	   1	[       ]
418   	0     	    182	              ""	    430.4100	   1010.01	    2.0	    00000000     00000000	   1	[       ]
419   	0     	    182	              ""	    431.4180	   1008.00	    2.0	    00000000     00000000	   1	[       ]
420   	0     	    187	              ""	    432.4260	   1008.00	    2.0	    00000000     00000000	   1	[       ]
421   	0     	    187	              ""	    433.4340	   1008.00	    2.0	    00000000     00000000	   1	[       ]
422   	0     	    187	              ""	    434.4420	   1008.00	    2.0	    00000000     00000000	   1	[       ]
423   	0     	    181	              ""	    435.4520	   1010.01	    2.0	    00000000     00000000	   1	[       ]
424   	0     	    181	              ""	    436.4600	   1008.00	    2.0	    00000000     00000000	   1	[       ]
425   	0     	    181	              ""	    437.4680	   1008.00	    2.0	    00000000     00000000	   1	[       ]
426   	0     	    184	              ""	    438.4760	   1008.03	    2.0	    00000000     00000000	   1	[       ]
427   	0     	    184	              ""	    439.4840	   1008.00	    2.0	    00000000     00000000	   1	[       ]
428   	0     	    184	              ""	    440.4940	   1009.98	    2.0	    00000000     00000000	   1	[       ]
429   	0     	    183	              ""	    441.5020	   1008.03	    2.0	    00000000     00000000	   1	[       ]
430   	0     	    183	              ""	    442.5100	   1008.00	    2.0	    00000000     00000000	   1	[       ]
431   	0     	    183	              ""	    443.5180	   1008.00	    2.0	    00000000     00000000	   1	[       ]
432   	0     	    185	              ""	    444.5280	   1010.01	    2.0	    00000000     00000000	   1	[       ]
433   	0     	    185	              ""	    445.5360	   1008.00	    2.0	    00000000     00000000	   1	[       ]
434   	0     	    185	              ""	    446.5440	   1008.00	    2.0	    00000000     00000000	   1	[       ]
435   	0     	    192	              ""	    447.5520	   1008.00	    2.0	    00000000     00000000	   1	[       ]
436   	0     	    192	              ""	    448.5600	   1008.00	    2.0	    00000000     00000000	   1	[       ]
437   	0     	    192	              ""	    449.5700	   1010.01	    2.0	    00000000     00000000	   1	[       ]
438   	0     	    191	              ""	    450.5780	   1008.00	    2.0	    00000000     00000000	   1	[       ]
439   	0     	    191	              ""	    451.5860	   1008.00	    2.0	    00000000     00000000	   1	[       ]
440   	0     	    191	              ""	    452.5940	   1008.00	    2.0	    00000000     00000000	   1	[       ]
441   	0     	    197	              ""	    453.6020	   1008.00	    2.0	    00000000     00000000	   1	[       ]
442   	0     	    197	              ""	    454.6120	   1010.01	    2.0	    00000000     00000000	   1	[       ]
443   	0     	    197	              ""	    455.6200	   1008.00	    2.0	    00000000     00000000	   1	[       ]
444   	0     	    195	              ""	    456.6280	   1008.00	    2.0	    00000000     00000000	   1	[       ]
445   	0     	    195	              ""	    457.6360	   1008.00	    2.0	    00000000     00000000	   1	[       ]
446   	0     	    195	              ""	    458.6460	   1010.01	    2.0	    00000000     00000000	   1	[       ]
447   	0     	    196	              ""	    459.6540	   1008.00	    2.0	    00000000     00000000	   1	[       ]
448   	0     	    196	              ""	    460.6620	   1008.00	    2.0	    00000000     00000000	   1	[       ]
449   	0     	    196	              ""	    461.6700	   1008.03	    2.0	    00000000     00000000	   1	[       ]
450   	0     	    198	              ""	    462.6780	   1008.00	    2.0	    00000000     00000000	   1	[       ]
451   	0     	    198	              ""	    463.6880	   1009.98	    2.0	    00000000     00000000	   1	[       ]
452   	0     	    198	              ""	    464.6960	   1008.03	    2.0	    00000000     00000000	   1	[       ]
453   	0     	    194	              ""	    465.7040	   1008.00	    2.0	    00000000     00000000	   1	[       ]
454   	0     	    194	              ""	    466.7120	   1008.00	    2.0	    00000000     00000000	   1	[       ]
455   	0     	    194	              ""	    467.7220	   1009.98	    2.0	    00000000     00000000	   1	[       ]
456   	0     	    193	              ""	    468.7300	   1008.03	    2.0	    00000000     00000000	   1	[       ]
457   	0     	    193	              ""	    469.7380	   1008.00	    2.0	    00000000     00000000	   1	[       ]
458   	0     	    193	              ""	    470.7460	   1008.00	    2.0	    00000000     00000000	   1	[       ]
459   	0     	    204	              ""	    471.7540	   1008.00	    2.0	    00000000     00000000	   1	[       ]
460   	0     	    204	              ""	    472.7640	   1010.01	    2.0	    00000000     00000000	   1	[       ]
461   	0     	    204	              ""	    473.7720	   1008.00	    2.0	    00000000     00000000	   1	[       ]
462   	0     	    205	              ""	    474.7800	   1008.00	    2.0	    00000000     00000000	   1	[       ]
463   	0     	    205	              ""	    475.7880	   1008.00	    2.0	    00000000     00000000	   1	[       ]
464   	0     	    205	              ""	    476.7960	   1008.00	    2.0	    00000000     00000000	   1	[       ]
465   	0     	    208	              ""	    477.8060	   1010.01	    2.0	    00000000     00000000	   1	[       ]
466   	0     	    208	              ""	    478.8140	   1008.00	    2.0	    00000000     00000000	   1	[       ]
467   	0     	    208	              ""	    479.8220	   1008.00	    2.0	    00000000     00000000	   1	[       ]
468   	0     	    207	              ""	    480.8300	   1008.00	    2.0	    00000000     00000000	   1	[       ]
469   	0     	    207	              ""	    481.8400	   1010.01	    2.0	    00000000     00000000	   1	[       ]
470   	0     	    207	              ""	    482.8480	   1008.00	    2.0	    00000000     00000000	   1	[       ]
471   	0     	    203	              ""	    483.8560	   1008.00	    2.0	    00000000     00000000	   1	[       ]
472   	0     	    203	              ""	    484.8640	   1008.03	    2.0	    00000000     00000000	   1	[       ]
473   	0     	    203	              ""	    485.8720	   1008.00	    2.0	    00000000     00000000	   1	[       ]
474   	0     	    201	              ""	    486.8820	   1009.98	    2.0	    00000000     00000000	   1	[       ]
475   	0     	    201	              ""	    487.8900	   1008.03	    2.0	    00000000     00000000	   1	[       ]
476   	0     	    201	              ""	    488.8980	   1008.00	    2.0	    00000000     00000000	   1	[       ]
477   	0     	    206	              ""	    489.9060	   1008.00	    2.0	    00000000     00000000	   1	[       ]
478   	0     	    206	              ""	    490.9140	   1008.00	    2.0	    00000000     00000000	   1	[       ]
479   	0     	    206	              ""	    491.9240	   1010.01	    2.0	    00000000     00000000	   1	[       ]
480   	0     	    202	              ""	    492.9320	   1008.00	    2.0	    00000000     00000000	   1	[       ]
481   	0     	    202	              ""	    493.9400	   1008.00	    2.0	    00000000     00000000	   1	[       ]
482   	0     	    202	              ""	    494.9480	   1008.00	    2.0	    00000000     00000000	   1	[       ]
483   	0     	    218	              ""	    495.9580	   1010.01	    2.0	    00000000     00000000	   1	[       ]
484   	0     	    218	              ""	    496.9660	   1008.00	    2.0	    00000000     00000000	   1	[       ]
485   	0     	    218	              ""	    497.9740	   1008.00	    2.0	    00000000     00000000	   1	[       ]
486   	0     	    215	              ""	    498.9820	   1008.00	    2.0	    00000000     00000000	   1	[       ]
487   	0     	    215	              ""	    499.9900	   1008.00	    2.0	    00000000     00000000	   1	[       ]
488   	0     	    215	              ""	    501.0000	   1010.01	    2.0	    00000000     00000000	   1	[       ]
489   	0     	    212	              ""	    502.0080	   1008.00	    2.0	    00000000     00000000	   1	[       ]
490   	0     	    212	              ""	    503.0160	   1008.00	    2.0	    00000000     00000000	   1	[       ]
491   	0     	    212	              ""	    504.0240	   1008.00	    2.0	    00000000     00000000	   1	[       ]
492   	0     	    213	              ""	    505.0340	   1010.01	    2.0	    00000000     00000000	   1	[       ]
493   	0     	    213	              ""	    506.0420	   1008.00	    2.0	    00000000     00000000	   1	[       ]
494   	0     	    213	              ""	    507.0500	   1008.00	    2.0	    00000000     00000000	   1	[       ]
495   	0     	    214	              ""	    508.0580	   1008.03	    2.0	    00000000     00000000	   1	[       ]
496   	0     	    214	              ""	    509.0660	   1008.00	    2.0	    00000000     00000000	   1	[       ]
497   	0     	    214	              ""	    510.0760	   1009.98	    2.0	    00000000     00000000	   1	[       ]
498   	0     	    217	              ""	    511.0840	   1008.03	    2.0	    00000000     00000000	   1	[       ]
499   	0     	    217	              ""	    512.0920	   1007.97	    2.0	    00000000     00000000	   1	[       ]
500   	0     	    217	              ""	    513.1000	   1008.00	    2.0	    00000000     00000000	   1	[       ]
501   	0     	    211	              ""	    514.1080	   1008.00	    2.0	    00000000     00000000	   1	[       ]
502   	0     	    211	              ""	    515.1180	   1010.01	    2.0	    00000000     00000000	   1	[       ]
503   	0     	    211	              ""	    516.1260	   1008.00	    2.0	    00000000     00000000	   1	[       ]
504   	0     	    216	              ""	    517.1340	   1008.00	    2.0	    00000000     00000000	   1	[       ]
505   	0     	    216	              ""	    518.1420	   1008.06	    2.0	    00000000     00000000	   1	[       ]
506   	0     	    216	              ""	    519.1520	   1009.95	    2.0	    00000000     00000000	   1	[       ]
507   	0     	    222	              ""	    520.1600	   1008.00	    2.0	    00000000     00000000	   1	[       ]
508   	0     	    222	              ""	    521.1680	   1008.06	    2.0	    00000000     00000000	   1	[       ]
509   	0     	    222	              ""	    522.1760	   1008.00	    2.0	    00000000     00000000	   1	[       ]
510   	0     	    221	              ""	    523.1840	   1008.00	    2.0	    00000000     00000000	   1	[       ]
511   	0     	    221	              ""	    524.1940	   1009.95	    2.0	    00000000     00000000	   1	[       ]
512   	0     	    221	              ""	    525.2020	   1008.06	    2.0	    00000000     00000000	   1	[       ]
513   	0     	    225	              ""	    526.2100	   1008.00	    2.0	    00000000     00000000	   1	[       ]
514   	0     	    225	              ""	    527.2180	   1008.00	    2.0	    00000000     00000000	   1	[       ]
515   	0     	    225	              ""	    528.2260	   1008.00	    2.0	    00000000     00000000	   1	[       ]
516   	0     	    223	              ""	    529.2360	   1010.01	    2.0	    00000000     00000000	   1	[       ]
517   	0     	    223	              ""	    530.2440	   1008.00	    2.0	    00000000     00000000	   1	[       ]
518   	0     	    223	              ""	    531.2520	   1008.00	    2.0	    00000000     00000000	   1	[       ]
519   	0     	    224	              ""	    532.2600	   1008.00	    2.0	    00000000     00000000	   1	[       ]
520   	0     	    224	              ""	    533.2700	   1010.01	    2.0	    00000000     00000000	   1	[       ]
521   	0     	    224	              ""	    534.2780	   1008.00	    2.0	    00000000     00000000	   1	[       ]
522   	0     	    227	              ""	    535.2860	   1008.00	    2.0	    00000000     00000000	   1	[       ]
523   	0     	    227	              ""	    536.2940	   1008.00	    2.0	    00000000     00000000	   1	[       ]
524   	0     	    227	              ""	    537.3020	   1008.00	    2.0	    00000000     00000000	   1	[       ]
525   	0     	    228	              ""	    538.3120	   1010.01	    2.0	    00000000     00000000	   1	[       ]
526   	0     	    228	              ""	    539.3200	   1008.00	    2.0	    00000000     00000000	   1	[       ]
527   	0     	    228	              ""	    540.3280	   1008.00	    2.0	    00000000     00000000	   1	[       ]
528   	0     	    226	              ""	    541.3360	   1008.00	    2.0	    00000000     00000000	   1	[       ]
529   	0     	    226	              ""	    542.3440	   1008.00	    2.0	    00000000     00000000	   1	[       ]
530   	0     	    226	              ""	    543.3540	   1010.01	    2.0	    00000000     00000000	   1	[       ]
531   	0     	    237	              ""	    544.3620	   1008.00	    2.0	    00000000     00000000	   1	[       ]
532   	0     	    237	              ""	    545.3700	   1008.00	    2.0	    00000000     00000000	   1	[       ]
533   	0     	    237	              ""	    546.3780	   1008.00	    2.0	    00000000     00000000	   1	[       ]
534   	0     	    233	              ""	    547.3880	   1010.01	    2.0	    00000000     00000000	   1	[       ]
535   	0     	    233	              ""	    548.3960	   1008.00	    2.0	    00000000     00000000	   1	[       ]
536   	0     	    233	              ""	    549.4040	   1008.00	    2.0	    00000000     00000000	   1	[       ]
537   	0     	    231	              ""	    550.4120	   1008.00	    2.0	    00000000     00000000	   1	[       ]
538   	0     	    231	              ""	    551.4200	   1008.00	    2.0	    00000000     00000000	   1	[       ]
539   	0     	    231	              ""	    552.4300	   1010.01	    2.0	    00000000     00000000	   1	[       ]
540   	0     	    234	              ""	    553.4380	   1008.00	    2.0	    00000000     00000000	   1	[       ]
541   	0     	    234	              ""	    554.4460	   1008.00	    2.0	    00000000     00000000	   1	[       ]
542   	0     	    234	              ""	    555.4540	   1008.00	    2.0	    00000000     00000000	   1	[       ]
543   	0     	    236	              ""	    556.4640	   1010.01	    2.0	    00000000     00000000	   1	[       ]
544   	0     	    236	              ""	    557.4720	   1008.00	    2.0	    00000000     00000000	   1	[       ]
545   	0     	    236	              ""	    558.4800	   1008.00	    2.0	    00000000     00000000	   1	[       ]
546   	0     	    235	              ""	    559.4880	   1008.00	    2.0	    00000000     00000000	   1	[       ]
547   	0     	    235	              ""	    560.4960	   1008.00	    2.0	    00000000     00000000	   1	[       ]
548   	0     	    235	              ""	    561.5060	   1010.01	    2.0	    00000000     00000000	   1	[       ]
549   	0     	    238	              ""	    562.5140	   1008.00	    2.0	    00000000     00000000	   1	[       ]
550   	0     	    238	              ""	    563.5220	   1008.00	    2.0	    00000000     00000000	   1	[       ]
551   	0     	    238	              ""	    564.5300	   1008.06	    2.0	    00000000     00000000	   1	[       ]
552   	0     	    232	              ""	    565.5380	   1008.00	    2.0	    00000000     00000000	   1	[       ]
553   	0     	    232	              ""	    566.5480	   1009.95	    2.0	    00000000     00000000	   1	[       ]
554   	0     	    232	              ""	    567.5560	   1008.06	    2.0	    00000000     00000000	   1	[       ]
555   	0     	    245	              ""	    568.5640	   1008.00	    2.0	    00000000     00000000	   1	[       ]
556   	0     	    245	              ""	    569.5720	   1008.00	    2.0	    00000000     00000000	   1	[       ]
557   	0     	    245	              ""	    570.5820	   1009.95	    2.0	    00000000     00000000	   1	[       ]
558   	0     	    247	              ""	    571.5900	   1008.06	    2.0	    00000000     00000000	   1	[       ]
559   	0     	    247	              ""	    572.5980	   1008.00	    2.0	    00000000     00000000	   1	[       ]
560   	0     	    247	              ""	    573.6060	   1008.00	    2.0	    00000000     00000000	   1	[       ]
561   	0     	    244	              ""	    574.6140	   1008.00	    2.0	    00000000     00000000	   1	[       ]
562   	0     	    244	              ""	    575.6240	   1010.01	    2.0	    00000000     00000000	   1	[       ]
563   	0     	    244	              ""	    576.6320	   1008.00	    2.0	    00000000     00000000	   1	[       ]
564   	0     	    243	              ""	    577.6400	   1008.00	    2.0	    00000000     00000000	   1	[       ]
565   	0     	    243	              ""	    578.6480	   1008.00	    2.0	    00000000     00000000	   1	[       ]
566   	0     	    243	              ""	    579.6560	   1008.00	    2.0	    00000000     00000000	   1	[       ]
567   	0     	    241	              ""	    580.6660	   1010.01	    2.0	    00000000     00000000	   1	[       ]
568   	0     	    241	              ""	    581.6740	   1008.00	    2.0	    00000000     00000000	   1	[       ]
569   	0     	    241	              ""	    582.6820	   1008.00	    2.0	    00000000     00000000	   1	[       ]
570   	0     	    242	              ""	    583.6900	   1008.00	    2.0	    00000000     00000000	   1	[       ]
571   	0     	    242	              ""	    584.7000	   1010.01	    2.0	    00000000     00000000	   1	[       ]
572   	0     	    242	              ""	    585.7080	   1008.00	    2.0	    00000000     00000000	   1	[       ]
573   	0     	    248	              ""	    586.7160	   1008.00	    2.0	    00000000     00000000	   1	[       ]
574   	0     	    248	              ""	    587.7240	   1008.00	    2.0	    00000000     00000000	   1	[       ]
575   	0     	    248	              ""	    588.7320	   1008.00	    2.0	    00000000     00000000	   1	[       ]
576   	0     	    246	              ""	    589.7420	   1010.01	    2.0	    00000000     00000000	   1	[       ]
577   	0     	    246	              ""	    590.7500	   1008.00	    2.0	    00000000     00000000	   1	[       ]
578   	0     	    246	              ""	    591.7580	   1008.00	    2.0	    00000000     00000000	   1	[       ]
579   	0     	    246	              ""	    592.7660	   1008.00	    2.0	    00000000     00000000	   1	[       ]
580   	0     	      3	              ""	    622.3060	  29540.04	    2.0	    00000000     00000000	   1	[       ]
581   	0     	      4	              ""	    650.4880	  28181.95	    2.0	    00000000     00000000	   1	[       ]
582   	0     	      4	              ""	    663.5440	  13056.03	    2.0	    00000000     00000000	   1	[       ]
583   	0     	    201	              ""	    663.5560	     12.02	    2.0	    00000000     00000000	   1	[       ]
584   	0     	    201	              ""	    664.5740	   1017.94	    2.0	    00000000     00000000	   1	[       ]
585   	0     	    201	              ""	    665.5900	   1016.05	    2.0	    00000000     00000000	   1	[       ]
586   	0     	    201	              ""	    667.6160	   2026.00	    2.0	    00000000     00000000	   1	[       ]
587   	0     	    201	              ""	    668.6320	   1015.99	    2.0	    00000000     00000000	   1	[       ]
588   	0     	    201	              ""	    669.6500	   1018.01	    2.0	    00000000     00000000	   1	[       ]
589   	0     	      2	              ""	    676.4000	   6750.00	    2.0	    00000000     00000000	   1	[       ]
590   	0     	    102	              ""	    676.9420	    541.99	    2.0	    00000000     00000000	   1	[       ]
591   	0     	    102	              ""	    677.9580	   1015.99	    2.0	    00000000     00000000	   1	[       ]
592   	0     	    102	              ""	    678.9740	   1015.99	    2.0	    00000000     00000000	   1	[       ]
593   	0     	    102	              ""	    681.0000	   2026.00	    2.0	    00000000     00000000	   1	[       ]
594   	0     	    102	              ""	    682.0160	   1015.99	    2.0	    00000000     00000000	   1	[       ]
595   	0     	    102	              ""	    683.0340	   1018.01	    2.0	    00000000     00000000	   1	[       ]
596   	0     	      1	              ""	    685.9760	   2942.02	    2.0	    00000000     00000000	   1	[       ]
597   	0     	    203	              ""	    686.4760	    500.00	    2.0	    00000000     00000000	   1	[       ]
598   	0     	    203	              ""	    687.4920	   1015.99	    2.0	    00000000     00000000	   1	[       ]
599   	0     	    203	              ""	    688.5100	   1018.01	    2.0	    00000000     00000000	   1	[       ]
600   	0     	    203	              ""	    690.5340	   2023.99	    2.0	    00000000     00000000	   1	[       ]
601   	0     	    203	              ""	    691.5520	   1018.01	    2.0	    00000000     00000000	   1	[       ]
602   	0     	    203	              ""	    692.5680	   1015.99	    2.0	    00000000     00000000	   1	[       ]
603   	0     	      1	              ""	    696.1600	   3591.98	    2.0	    00000000     00000000	   1	[       ]
604   	0     	    104	              ""	    696.6520	    492.00	    2.0	    00000000     00000000	   1	[       ]
605   	0     	    104	              ""	    697.6680	   1016.05	    2.0	    00000000     00000000	   1	[       ]
606   	0     	    104	              ""	    698.6860	   1017.94	    2.0	    00000000     00000000	   1	[       ]
607   	0     	    104	              ""	    700.7100	   2024.05	    2.0	    00000000     00000000	   1	[       ]
608   	0     	    104	              ""	    701.7280	   1018.01	    2.0	    00000000     00000000	   1	[       ]
609   	0     	    104	              ""	    702.7440	   1015.99	    2.0	    00000000     00000000	   1	[       ]
610   	0     	      2	              ""	    705.3600	   2615.97	    2.0	    00000000     00000000	   1	[       ]
611   	0     	    205	              ""	    705.8860	    526.00	    2.0	    00000000     00000000	   1	[       ]
612   	0     	    205	              ""	    706.9020	   1015.99	    2.0	    00000000     00000000	   1	[       ]
613   	0     	    205	              ""	    707.9200	   1018.01	    2.0	    00000000     00000000	   1	[       ]
614   	0     	    205	              ""	    709.9440	   2023.99	    2.0	    00000000     00000000	   1	[       ]
615   	0     	    205	              ""	    710.9620	   1018.01	    2.0	    00000000     00000000	   1	[       ]
616   	0     	    205	              ""	    711.9780	   1016.05	    2.0	    00000000     00000000	   1	[       ]
617   	0     	      2	              ""	    714.4960	   2517.94	    2.0	    00000000     00000000	   1	[       ]
618   	0     	    206	              ""	    715.0040	    508.06	    2.0	    00000000     00000000	   1	[       ]
619   	0     	    206	              ""	    716.0200	   1015.99	    2.0	    00000000     00000000	   1	[       ]
620   	0     	    206	              ""	    717.0380	   1018.01	    2.0	    00000000     00000000	   1	[       ]
621   	0     	    206	              ""	    719.0620	   2023.99	    2.0	    00000000     00000000	   1	[       ]
622   	0     	    206	              ""	    720.0800	   1018.01	    2.0	    00000000     00000000	   1	[       ]
623   	0     	    206	              ""	    721.0960	   1015.99	    2.0	    00000000     00000000	   1	[       ]
624   	0     	      2	              ""	    723.5520	   2455.99	    2.0	    00000000     00000000	   1	[       ]
625   	0     	    207	              ""	    724.0380	    486.02	    2.0	    00000000     00000000	   1	[       ]
626   	0     	    207	              ""	    725.0540	   1015.99	    2.0	    00000000     00000000	   1	[       ]
627   	0     	    207	              ""	    726.0720	   1018.01	    2.0	    00000000     00000000	   1	[       ]
628   	0     	    207	              ""	    728.0960	   2023.99	    2.0	    00000000     00000000	   1	[       ]
629   	0     	    207	              ""	    729.1140	   1018.01	    2.0	    00000000     00000000	   1	[       ]
630   	0     	    207	              ""	    730.1300	   1015.99	    2.0	    00000000     00000000	   1	[       ]
631   	0     	      2	              ""	    732.4000	   2270.02	    2.0	    00000000     00000000	   1	[       ]
632   	0     	    108	              ""	    732.8720	    471.98	    2.0	    00000000     00000000	   1	[       ]
633   	0     	    108	              ""	    733.8880	   1015.99	    2.0	    00000000     00000000	   1	[       ]
634   	0     	    108	              ""	    734.9060	   1018.01	    2.0	    00000000     00000000	   1	[       ]
635   	0     	    108	              ""	    736.9300	   2023.99	    2.0	    00000000     00000000	   1	[       ]
636   	0     	    108	              ""	    737.9480	   1018.01	    2.0	    00000000     00000000	   1	[       ]
637   	0     	    108	              ""	    738.9640	   1015.99	    2.0	    00000000     00000000	   1	[       ]
638   	0     	      1	              ""	    741.2800	   2316.04	    2.0	    00000000     00000000	   1	[       ]
639   	0     	    109	              ""	    741.8400	    560.00	    2.0	    00000000     00000000	   1	[       ]
640   	0     	    109	              ""	    742.8560	   1015.99	    2.0	    00000000     00000000	   1	[       ]
641   	0     	    109	              ""	    743.8740	   1018.01	    2.0	    00000000     00000000	   1	[       ]
642   	0     	    109	              ""	    745.8980	   2023.99	    2.0	    00000000     00000000	   1	[       ]
643   	0     	    109	              ""	    746.9140	   1015.99	    2.0	    00000000     00000000	   1	[       ]
644   	0     	    109	              ""	    747.9320	   1018.01	    2.0	    00000000     00000000	   1	[       ]
645   	0     	      1	              ""	    750.2240	   2291.99	    2.0	    00000000     00000000	   1	[       ]
646   	0     	    210	              ""	    750.7080	    484.01	    2.0	    00000000     00000000	   1	[       ]
647   	0     	    210	              ""	    751.7240	   1015.99	    2.0	    00000000     00000000	   1	[       ]
648   	0     	    210	              ""	    752.7400	   1015.99	    2.0	    00000000     00000000	   1	[       ]
649   	0     	    210	              ""	    754.7660	   2026.00	    2.0	    00000000     00000000	   1	[       ]
650   	0     	    210	              ""	    755.7820	   1015.99	    2.0	    00000000     00000000	   1	[       ]
651   	0     	    210	              ""	    756.8000	   1018.01	    2.0	    00000000     00000000	   1	[       ]
652   	0     	      2	              ""	    759.1040	   2304.02	    2.0	    00000000     00000000	   1	[       ]
653   	0     	    211	              ""	    759.5740	    469.97	    2.0	    00000000     00000000	   1	[       ]
654   	0     	    211	              ""	    760.5920	   1018.01	    2.0	    00000000     00000000	   1	[       ]
655   	0     	    211	              ""	    761.6080	   1015.99	    2.0	    00000000     00000000	   1	[       ]
656   	0     	    211	              ""	    763.6340	   2026.00	    2.0	    00000000     00000000	   1	[       ]
657   	0     	    211	              ""	    764.6500	   1016.05	    2.0	    00000000     00000000	   1	[       ]
658   	0     	    211	              ""	    765.6660	   1015.99	    2.0	    00000000     00000000	   1	[       ]
659   	0     	      2	              ""	    768.0000	   2333.98	    2.0	    00000000     00000000	   1	[       ]
660   	0     	    112	              ""	    768.5580	    557.98	    2.0	    00000000     00000000	   1	[       ]
661   	0     	    112	              ""	    769.5760	   1018.01	    2.0	    00000000     00000000	   1	[       ]
662   	0     	    112	              ""	    770.5920	   1015.99	    2.0	    00000000     00000000	   1	[       ]
663   	0     	    112	              ""	    772.6180	   2026.00	    2.0	    00000000     00000000	   1	[       ]
664   	0     	    112	              ""	    773.6340	   1015.99	    2.0	    00000000     00000000	   1	[       ]
665   	0     	    112	              ""	    774.6520	   1018.01	    2.0	    00000000     00000000	   1	[       ]
666   	0     	      1	              ""	    776.9040	   2252.01	    2.0	    00000000     00000000	   1	[       ]
667   	0     	    113	              ""	    777.3840	    479.98	    2.0	    00000000     00000000	   1	[       ]
668   	0     	    113	              ""	    778.4020	   1018.01	    2.0	    00000000     00000000	   1	[       ]
669   	0     	    113	              ""	    779.4180	   1016.05	    2.0	    00000000     00000000	   1	[       ]
670   	0     	    113	              ""	    781.4440	   2025.94	    2.0	    00000000     00000000	   1	[       ]
671   	0     	    113	              ""	    782.4600	   1016.05	    2.0	    00000000     00000000	   1	[       ]
672   	0     	    113	              ""	    783.4760	   1015.99	    2.0	    00000000     00000000	   1	[       ]
673   	0     	      1	              ""	    785.7680	   2291.99	    2.0	    00000000     00000000	   1	[       ]
674   	0     	    214	              ""	    786.2680	    500.00	    2.0	    00000000     00000000	   1	[       ]
675   	0     	    214	              ""	    787.2860	   1018.01	    2.0	    00000000     00000000	   1	[       ]
676   	0     	    214	              ""	    788.3020	   1015.99	    2.0	    00000000     00000000	   1	[       ]
677   	0     	    214	              ""	    790.3280	   2026.00	    2.0	    00000000     00000000	   1	[       ]
678   	0     	    214	              ""	    791.3440	   1015.99	    2.0	    00000000     00000000	   1	[       ]
679   	0     	    214	              ""	    792.3620	   1018.01	    2.0	    00000000     00000000	   1	[       ]
680   	0     	      2	              ""	    794.7840	   2422.00	    2.0	    00000000     00000000	   1	[       ]
681   	0     	    115	              ""	    795.2700	    486.02	    2.0	    00000000     00000000	   1	[       ]
682   	0     	    115	              ""	    796.2860	   1015.99	    2.0	    00000000     00000000	   1	[       ]
683   	0     	    115	              ""	    797.3040	   1018.01	    2.0	    00000000     00000000	   1	[       ]
684   	0     	    115	              ""	    799.3280	   2023.99	    2.0	    00000000     00000000	   1	[       ]
685   	0     	    115	              ""	    800.3460	   1018.01	    2.0	    00000000     00000000	   1	[       ]
686   	0     	    115	              ""	    801.3620	   1015.99	    2.0	    00000000     00000000	   1	[       ]
687   	0     	      1	              ""	    803.6800	   2317.99	    2.0	    00000000     00000000	   1	[       ]
688   	0     	    216	              ""	    804.1780	    497.99	    2.0	    00000000     00000000	   1	[       ]
689   	0     	    216	              ""	    805.1960	   1018.01	    2.0	    00000000     00000000	   1	[       ]
690   	0     	    216	              ""	    806.2120	   1015.99	    2.0	    00000000     00000000	   1	[       ]
691   	0     	    216	              ""	    808.2380	   2026.00	    2.0	    00000000     00000000	   1	[       ]
692   	0     	    216	              ""	    809.2540	   1016.05	    2.0	    00000000     00000000	   1	[       ]
693   	0     	    216	              ""	    810.2720	   1017.94	    2.0	    00000000     00000000	   1	[       ]
694   	0     	      2	              ""	    812.6400	   2368.04	    2.0	    00000000     00000000	   1	[       ]
695   	0     	    117	              ""	    813.1960	    555.97	    2.0	    00000000     00000000	   1	[       ]
696   	0     	    117	              ""	    814.2140	   1018.01	    2.0	    00000000     00000000	   1	[       ]
697   	0     	    117	              ""	    815.2300	   1015.99	    2.0	    00000000     00000000	   1	[       ]
698   	0     	    117	              ""	    817.2560	   2026.00	    2.0	    00000000     00000000	   1	[       ]
699   	0     	    117	              ""	    818.2720	   1015.99	    2.0	    00000000     00000000	   1	[       ]
700   	0     	    117	              ""	    819.2880	   1016.05	    2.0	    00000000     00000000	   1	[       ]
701   	0     	      1	              ""	    821.5680	   2279.97	    2.0	    00000000     00000000	   1	[       ]
702   	0     	    118	              ""	    822.1060	    538.02	    2.0	    00000000     00000000	   1	[       ]
703   	0     	    118	              ""	    823.1220	   1015.99	    2.0	    00000000     00000000	   1	[       ]
704   	0     	    118	              ""	    824.1400	   1018.01	    2.0	    00000000     00000000	   1	[       ]
705   	0     	    118	              ""	    826.1640	   2023.99	    2.0	    00000000     00000000	   1	[       ]
706   	0     	    118	              ""	    827.1820	   1018.01	    2.0	    00000000     00000000	   1	[       ]
707   	0     	    118	              ""	    828.1980	   1015.99	    2.0	    00000000     00000000	   1	[       ]
708   	0     	      1	              ""	    830.4960	   2297.97	    2.0	    00000000     00000000	   1	[       ]
709   	0     	    119	              ""	    830.9640	    468.02	    2.0	    00000000     00000000	   1	[       ]
710   	0     	    119	              ""	    831.9820	   1018.01	    2.0	    00000000     00000000	   1	[       ]
711   	0     	    119	              ""	    832.9980	   1015.99	    2.0	    00000000     00000000	   1	[       ]
712   	0     	    119	              ""	    835.0240	   2026.00	    2.0	    00000000     00000000	   1	[       ]
713   	0     	    119	              ""	    836.0400	   1015.99	    2.0	    00000000     00000000	   1	[       ]
714   	0     	    119	              ""	    837.0580	   1018.01	    2.0	    00000000     00000000	   1	[       ]
715   	0     	      1	              ""	    839.3120	   2254.03	    2.0	    00000000     00000000	   1	[       ]
716   	0     	    220	              ""	    839.7820	    469.97	    2.0	    00000000     00000000	   1	[       ]
717   	0     	    220	              ""	    840.8000	   1018.01	    2.0	    00000000     00000000	   1	[       ]
718   	0     	    220	              ""	    841.8160	   1015.99	    2.0	    00000000     00000000	   1	[       ]
719   	0     	    220	              ""	    843.8420	   2026.00	    2.0	    00000000     00000000	   1	[       ]
720   	0     	    220	              ""	    844.8580	   1015.99	    2.0	    00000000     00000000	   1	[       ]
721   	0     	    220	              ""	    845.8740	   1016.05	    2.0	    00000000     00000000	   1	[       ]
722   	0     	      2	              ""	    848.1120	   2237.98	    2.0	    00000000     00000000	   1	[       ]
723   	0     	    221	              ""	    848.6340	    521.97	    2.0	    00000000     00000000	   1	[       ]
724   	0     	    221	              ""	    849.6500	   1016.05	    2.0	    00000000     00000000	   1	[       ]
725   	0     	    221	              ""	    850.6660	   1015.99	    2.0	    00000000     00000000	   1	[       ]
726   	0     	    221	              ""	    852.6920	   2026.00	    2.0	    00000000     00000000	   1	[       ]
727   	0     	    221	              ""	    853.7080	   1015.99	    2.0	    00000000     00000000	   1	[       ]
728   	0     	    221	              ""	    854.7260	   1018.01	    2.0	    00000000     00000000	   1	[       ]
729   	0     	      2	              ""	    856.9920	   2265.99	    2.0	    00000000     00000000	   1	[       ]
730   	0     	    122	              ""	    857.4840	    492.00	    2.0	    00000000     00000000	   1	[       ]
731   	0     	    122	              ""	    858.5000	   1015.99	    2.0	    00000000     00000000	   1	[       ]
732   	0     	    122	              ""	    859.5180	   1018.01	    2.0	    00000000     00000000	   1	[       ]
733   	0     	    122	              ""	    861.5420	   2023.99	    2.0	    00000000     00000000	   1	[       ]
734   	0     	    122	              ""	    862.5600	   1018.01	    2.0	    00000000     00000000	   1	[       ]
735   	0     	    122	              ""	    863.5760	   1015.99	    2.0	    00000000     00000000	   1	[       ]
736   	0     	      1	              ""	    866.0640	   2488.04	    2.0	    00000000     00000000	   1	[       ]
737   	0     	    123	              ""	    866.5260	    461.98	    2.0	    00000000     00000000	   1	[       ]
738   	0     	    123	              ""	    867.5440	   1018.01	    2.0	    00000000     00000000	   1	[       ]
739   	0     	    123	              ""	    868.5600	   1015.99	    2.0	    00000000     00000000	   1	[       ]
740   	0     	    123	              ""	    870.5860	   2026.00	    2.0	    00000000     00000000	   1	[       ]
741   	0     	    123	              ""	    871.6020	   1015.99	    2.0	    00000000     00000000	   1	[       ]
742   	0     	    123	              ""	    872.6180	   1015.99	    2.0	    00000000     00000000	   1	[       ]
743   	0     	      2	              ""	    874.8640	   2246.03	    2.0	    00000000     00000000	   1	[       ]
744   	0     	    224	              ""	    875.3360	    471.98	    2.0	    00000000     00000000	   1	[       ]
745   	0     	    224	              ""	    876.3520	   1015.99	    2.0	    00000000     00000000	   1	[       ]
746   	0     	    224	              ""	    877.3700	   1018.01	    2.0	    00000000     00000000	   1	[       ]
747   	0     	    224	              ""	    879.3940	   2023.99	    2.0	    00000000     00000000	   1	[       ]
748   	0     	    224	              ""	    880.4120	   1018.01	    2.0	    00000000     00000000	   1	[       ]
749   	0     	    224	              ""	    881.4280	   1015.99	    2.0	    00000000     00000000	   1	[       ]
750   	0     	      1	              ""	    883.7760	   2348.02	    2.0	    00000000     00000000	   1	[       ]
751   	0     	    225	              ""	    884.3040	    528.02	    2.0	    00000000     00000000	   1	[       ]
752   	0     	    225	              ""	    885.3200	   1015.99	    2.0	    00000000     00000000	   1	[       ]
753   	0     	    225	              ""	    886.3360	   1015.99	    2.0	    00000000     00000000	   1	[       ]
754   	0     	    225	              ""	    888.3620	   2026.00	    2.0	    00000000     00000000	   1	[       ]
755   	0     	    225	              ""	    889.3780	   1015.99	    2.0	    00000000     00000000	   1	[       ]
756   	0     	    225	              ""	    890.3960	   1018.01	    2.0	    00000000     00000000	   1	[       ]
757   	0     	      1	              ""	    892.6640	   2268.01	    2.0	    00000000     00000000	   1	[       ]
758   	0     	    126	              ""	    893.1300	    466.00	    2.0	    00000000     00000000	   1	[       ]
759   	0     	    126	              ""	    894.1460	   1015.99	    2.0	    00000000     00000000	   1	[       ]
760   	0     	    126	              ""	    895.1620	   1015.99	    2.0	    00000000     00000000	   1	[       ]
761   	0     	    126	              ""	    897.1880	   2026.00	    2.0	    00000000     00000000	   1	[       ]
762   	0     	    126	              ""	    898.2040	   1015.99	    2.0	    00000000     00000000	   1	[       ]
763   	0     	    126	              ""	    899.2220	   1018.01	    2.0	    00000000     00000000	   1	[       ]
764   	0     	      2	              ""	    901.5200	   2298.03	    2.0	    00000000     00000000	   1	[       ]
765   	0     	    127	              ""	    902.0140	    493.96	    2.0	    00000000     00000000	   1	[       ]
766   	0     	    127	              ""	    903.0300	   1016.05	    2.0	    00000000     00000000	   1	[       ]
767   	0     	    127	              ""	    904.0480	   1017.94	    2.0	    00000000     00000000	   1	[       ]
768   	0     	    127	              ""	    906.0720	   2024.05	    2.0	    00000000     00000000	   1	[       ]
769   	0     	    127	              ""	    907.0880	   1015.99	    2.0	    00000000     00000000	   1	[       ]
770   	0     	    127	              ""	    908.1060	   1018.01	    2.0	    00000000     00000000	   1	[       ]
771   	0     	      1	              ""	    910.3520	   2245.97	    2.0	    00000000     00000000	   1	[       ]
772   	0     	    228	              ""	    910.8900	    538.02	    2.0	    00000000     00000000	   1	[       ]
773   	0     	    228	              ""	    911.9060	   1015.99	    2.0	    00000000     00000000	   1	[       ]
774   	0     	    228	              ""	    912.9220	   1015.99	    2.0	    00000000     00000000	   1	[       ]
775   	0     	    228	              ""	    914.9480	   2026.00	    2.0	    00000000     00000000	   1	[       ]
776   	0     	    228	              ""	    915.9640	   1015.99	    2.0	    00000000     00000000	   1	[       ]
777   	0     	    228	              ""	    916.9820	   1018.01	    2.0	    00000000     00000000	   1	[       ]
778   	0     	      1	              ""	    919.2160	   2234.01	    2.0	    00000000     00000000	   1	[       ]
779   	0     	    229	              ""	    919.7660	    549.99	    2.0	    00000000     00000000	   1	[       ]
780   	0     	    229	              ""	    920.7820	   1015.99	    2.0	    00000000     00000000	   1	[       ]
781   	0     	    229	              ""	    921.7980	   1015.99	    2.0	    00000000     00000000	   1	[       ]
782   	0     	    229	              ""	    923.8240	   2026.00	    2.0	    00000000     00000000	   1	[       ]
783   	0     	    229	              ""	    924.8400	   1016.05	    2.0	    00000000     00000000	   1	[       ]
784   	0     	    229	              ""	    925.8580	   1017.94	    2.0	    00000000     00000000	   1	[       ]
785   	0     	      1	              ""	    928.1120	   2254.03	    2.0	    00000000     00000000	   1	[       ]
786   	0     	    130	              ""	    928.6420	    530.03	    2.0	    00000000     00000000	   1	[       ]
787   	0     	    130	              ""	    929.6580	   1015.99	    2.0	    00000000     00000000	   1	[       ]
788   	0     	    130	              ""	    930.6740	   1015.99	    2.0	    00000000     00000000	   1	[       ]
789   	0     	    130	              ""	    932.7000	   2026.00	    2.0	    00000000     00000000	   1	[       ]
790   	0     	    130	              ""	    933.7160	   1015.99	    2.0	    00000000     00000000	   1	[       ]
791   	0     	    130	              ""	    934.7340	   1018.01	    2.0	    00000000     00000000	   1	[       ]
792   	0     	      2	              ""	    937.4240	   2690.00	    2.0	    00000000     00000000	   1	[       ]
793   	0     	    131	              ""	    937.9160	    492.00	    2.0	    00000000     00000000	   1	[       ]
794   	0     	    131	              ""	    938.9340	   1018.01	    2.0	    00000000     00000000	   1	[       ]
795   	0     	    131	              ""	    939.9500	   1015.99	    2.0	    00000000     00000000	   1	[       ]
796   	0     	    131	              ""	    941.9760	   2026.00	    2.0	    00000000     00000000	   1	[       ]
797   	0     	    131	              ""	    942.9920	   1015.99	    2.0	    00000000     00000000	   1	[       ]
798   	0     	    131	              ""	    944.0100	   1018.01	    2.0	    00000000     00000000	   1	[       ]
799   	0     	      2	              ""	    946.4000	   2390.01	    2.0	    00000000     00000000	   1	[       ]
800   	0     	    232	              ""	    946.9180	    518.01	    2.0	    00000000     00000000	   1	[       ]
801   	0     	    232	              ""	    947.9340	   1015.99	    2.0	    00000000     00000000	   1	[       ]
802   	0     	    232	              ""	    948.9520	   1018.01	    2.0	    00000000     00000000	   1	[       ]
803   	0     	    232	              ""	    950.9760	   2023.99	    2.0	    00000000     00000000	   1	[       ]
804   	0     	    232	              ""	    951.9940	   1018.01	    2.0	    00000000     00000000	   1	[       ]
805   	0     	    232	              ""	    953.0100	   1015.99	    2.0	    00000000     00000000	   1	[       ]
806   	0     	      2	              ""	    955.2080	   2198.00	    2.0	    00000000     00000000	   1	[       ]
807   	0     	      3	              ""	    995.3280	  40120.00	    2.0	    00000000     00000000	   1	[       ]
