Bin   #(%) accepted   #(%) rejected    # F2    # F3    # F4    # F5    # F6    # F7    # F8
  1       0(  0.0)        1(100.0)       0       0       0       0       0       0       0
  2       1(100.0)        0(  0.0)       0       0       0       0       0       0       0
  3       1(100.0)        0(  0.0)       0       0       0       0       0       0       0
  4       0(  0.0)        1(100.0)       0       0       0       0       0       0       0
  5       1(100.0)        0(  0.0)       0       0       0       0       0       0       0
  6       1(100.0)        0(  0.0)       0       0       0       0       0       0       0
  7       0(error)        0(error)       0       0       0       0       0       0       0
  8       1(100.0)        0(  0.0)       0       0       0       0       0       0       0
  9       1(100.0)        0(  0.0)       0       0       0       0       0       0       0
 10       1(100.0)        0(  0.0)       0       0       0       0       0       0       0
 11       1(100.0)        0(  0.0)       0       0       0       0       0       0       0
 12       1(100.0)        0(  0.0)       0       0       0       0       0       0       0
 13       1(100.0)        0(  0.0)       0       0       0       0       0       0       0
 14       0(  0.0)        1(100.0)       0       0       0       0       0       0       0
 15       0(error)        0(error)       0       0       0       0       0       0       0
 16       1(100.0)        0(  0.0)       0       0       0       0       0       0       0
 17       1(100.0)        0(  0.0)       0       0       0       0       0       0       0
 18       1(100.0)        0(  0.0)       0       0       0       0       0       0       0
 19       1(100.0)        0(  0.0)       0       0       0       0       0       0       0
 20       1(100.0)        0(  0.0)       0       0       0       0       0       0       0
 21       1(100.0)        0(  0.0)       0       0       0       0       0       0       0
 22       1(100.0)        0(  0.0)       0       0       0       0       0       0       0
 23       0(error)        0(error)       0       0       0       0       0       0       0
 24       0(  0.0)        1(100.0)       0       0       0       0       0       0       0
 25       0(  0.0)        1(100.0)       0       0       0       0       0       0       0
 26       0(  0.0)        1(100.0)       0       0       0       0       0       0       0
 27       1(100.0)        0(  0.0)       0       0       0       0       0       0       0
 28       1(100.0)        0(  0.0)       0       0       0       0       0       0       0
 29       1(100.0)        0(  0.0)       0       0       0       0       0       0       0
 30       0(  0.0)        1(100.0)       0       0       0       0       0       0       0
 31       0(  0.0)        1(100.0)       0       0       0       0       0       0       0
 32       0(  0.0)        1(100.0)       0       0       0       0       0       0       0
 33       1(100.0)        0(  0.0)       0       0       0       0       0       0       0
 34       1(100.0)        0(  0.0)       0       0       0       0       0       0       0
 35       1(100.0)        0(  0.0)       0       0       0       0       0       0       0
 36       1(100.0)        0(  0.0)       0       0       0       0       0       0       0
 37       1(100.0)        0(  0.0)       0       0       0       0       0       0       0
 38       1(100.0)        0(  0.0)       0       0       0       0       0       0       0
 39       1(100.0)        0(  0.0)       0       0       0       0       0       0       0
 40       1(100.0)        0(  0.0)       0       0       0       0       0       0       0
 41       1(100.0)        0(  0.0)       0       0       0       0       0       0       0
 42       1(100.0)        0(  0.0)       0       0       0       0       0       0       0
 43       1(100.0)        0(  0.0)       0       0       0       0       0       0       0
 44       0(  0.0)        1(100.0)       0       0       0       0       0       0       0
 45       1(100.0)        0(  0.0)       0       0       0       0       0       0       0
 46       1(100.0)        0(  0.0)       0       0       0       0       0       0       0
 47       1(100.0)        0(  0.0)       0       0       0       0       0       0       0
 48       0(  0.0)        1(100.0)       0       0       0       0       0       0       0
 49       0(  0.0)        1(100.0)       0       0       0       0       0       0       0
 50       1(100.0)        0(  0.0)       0       0       0       0       0       0       0
 51       1(100.0)        0(  0.0)       0       0       0       0       0       0       0
 52       1(100.0)        0(  0.0)       0       0       0       0       0       0       0
 53       0(  0.0)        1(100.0)       0       0       0       0       0       0       0
 54       0(  0.0)        1(100.0)       0       0       0       0       0       0       0
 55       0(  0.0)        1(100.0)       0       0       0       0       0       0       0
 56       0(  0.0)        1(100.0)       0       0       0       0       0       0       0
 57       1(100.0)        0(  0.0)       0       0       0       0       0       0       0
 58       0(  0.0)        1(100.0)       0       0       0       0       0       0       0
 59       1(100.0)        0(  0.0)       0       0       0       0       0       0       0
 60       1(100.0)        0(  0.0)       0       0       0       0       0       0       0
 61       0(  0.0)        1(100.0)       0       0       0       0       0       0       0
 62       0(  0.0)        1(100.0)       0       0       0       0       0       0       0
 63       0(  0.0)        1(100.0)       0       0       0       0       0       0       0
 64       0(  0.0)        1(100.0)       0       0       0       0       0       0       0
 65       1(100.0)        0(  0.0)       0       0       0       0       0       0       0
 66       1(100.0)        0(  0.0)       0       0       0       0       0       0       0
 67       0(  0.0)        1(100.0)       0       0       0       0       0       0       0
 68       1(100.0)        0(  0.0)       0       0       0       0       0       0       0
 69       1(100.0)        0(  0.0)       0       0       0       0       0       0       0
 70       0(  0.0)        1(100.0)       0       0       0       0       0       0       0
 71       0(  0.0)        1(100.0)       0       0       0       0       0       0       0
 72       1(100.0)        0(  0.0)       0       0       0       0       0       0       0
 73       1(100.0)        0(  0.0)       0       0       0       0       0       0       0
 74       1(100.0)        0(  0.0)       0       0       0       0       0       0       0
 75       0(  0.0)        1(100.0)       0       0       0       0       0       0       0
 76       1(100.0)        0(  0.0)       0       0       0       0       0       0       0
 77       0(  0.0)        1(100.0)       0       0       0       0       0       0       0
 78       0(  0.0)        1(100.0)       0       0       0       0       0       0       0
 79       1(100.0)        0(  0.0)       0       0       0       0       0       0       0
 80       1(100.0)        0(  0.0)       0       0       0       0       0       0       0
 81       0(  0.0)        1(100.0)       0       0       0       0       0       0       0
 82       1(100.0)        0(  0.0)       0       0       0       0       0       0       0
 83       0(  0.0)        1(100.0)       0       0       0       0       0       0       0
 84       1(100.0)        0(  0.0)       0       0       0       0       0       0       0
 85       1(100.0)        0(  0.0)       0       0       0       0       0       0       0
 86       0(  0.0)        1(100.0)       0       0       0       0       0       0       0
 87       1(100.0)        0(  0.0)       0       0       0       0       0       0       0
 88       1(100.0)        0(  0.0)       0       0       0       0       0       0       0
 89       1(100.0)        0(  0.0)       0       0       0       0       0       0       0
 90       1(100.0)        0(  0.0)       0       0       0       0       0       0       0
 91       0(  0.0)        1(100.0)       0       0       0       0       0       0       0
 92       0(  0.0)        1(100.0)       0       0       0       0       0       0       0
 93       1(100.0)        0(  0.0)       0       0       0       0       0       0       0
 94       1(100.0)        0(  0.0)       0       0       0       0       0       0       0
 95       1(100.0)        0(  0.0)       0       0       0       0       0       0       0
 96       1(100.0)        0(  0.0)       0       0       0       0       0       0       0
 97       1(100.0)        0(  0.0)       0       0       0       0       0       0       0
 98       1(100.0)        0(  0.0)       0       0       0       0       0       0       0
 99       1(100.0)        0(  0.0)       0       0       0       0       0       0       0
100       1(100.0)        0(  0.0)       0       0       0       0       0       0       0
101       1(100.0)        0(  0.0)       0       0       0       0       0       0       0
102       1(100.0)        0(  0.0)       0       0       0       0       0       0       0
103       1(100.0)        0(  0.0)       0       0       0       0       0       0       0
104       1(100.0)        0(  0.0)       0       0       0       0       0       0       0
105       1(100.0)        0(  0.0)       0       0       0       0       0       0       0
106       1(100.0)        0(  0.0)       0       0       0       0       0       0       0
107       1(100.0)        0(  0.0)       0       0       0       0       0       0       0
108       1(100.0)        0(  0.0)       0       0       0       0       0       0       0
109       1(100.0)        0(  0.0)       0       0       0       0       0       0       0
110       0(  0.0)        1(100.0)       0       0       0       0       0       0       0
111       0(  0.0)        1(100.0)       0       0       0       0       0       0       0
112       0(  0.0)        1(100.0)       0       0       0       0       0       0       0
113       0(  0.0)        1(100.0)       0       0       0       0       0       0       0
114       1(100.0)        0(  0.0)       0       0       0       0       0       0       0
115       1(100.0)        0(  0.0)       0       0       0       0       0       0       0
116       0(  0.0)        1(100.0)       0       0       0       0       0       0       0
117       1(100.0)        0(  0.0)       0       0       0       0       0       0       0
118       1(100.0)        0(  0.0)       0       0       0       0       0       0       0
119       0(  0.0)        1(100.0)       0       0       0       0       0       0       0
120       1(100.0)        0(  0.0)       0       0       0       0       0       0       0
121       0(  0.0)        1(100.0)       0       0       0       0       0       0       0
122       1(100.0)        0(  0.0)       0       0       0       0       0       0       0
123       0(  0.0)        1(100.0)       0       0       0       0       0       0       0
124       1(100.0)        0(  0.0)       0       0       0       0       0       0       0
125       1(100.0)        0(  0.0)       0       0       0       0       0       0       0
126       1(100.0)        0(  0.0)       0       0       0       0       0       0       0
127       0(  0.0)        1(100.0)       0       0       0       0       0       0       0
128       1(100.0)        0(  0.0)       0       0       0       0       0       0       0
129       0(  0.0)        1(100.0)       0       0       0       0       0       0       0
130       1(100.0)        0(  0.0)       0       0       0       0       0       0       0
131       0(  0.0)        1(100.0)       0       0       0       0       0       0       0
132       0(  0.0)        1(100.0)       0       0       0       0       0       0       0
133       1(100.0)        0(  0.0)       0       0       0       0       0       0       0
134       0(  0.0)        1(100.0)       0       0       0       0       0       0       0
135       1(100.0)        0(  0.0)       0       0       0       0       0       0       0
136       0(  0.0)        1(100.0)       0       0       0       0       0       0       0
137       0(  0.0)        1(100.0)       0       0       0       0       0       0       0
138       0(  0.0)        1(100.0)       0       0       0       0       0       0       0
139       1(100.0)        0(  0.0)       0       0       0       0       0       0       0
140       1(100.0)        0(  0.0)       0       0       0       0       0       0       0
141       1(100.0)        0(  0.0)       0       0       0       0       0       0       0
142       1(100.0)        0(  0.0)       0       0       0       0       0       0       0
143       1(100.0)        0(  0.0)       0       0       0       0       0       0       0
144       0(  0.0)        1(100.0)       0       0       0       0       0       0       0
145       0(  0.0)        1(100.0)       0       0       0       0       0       0       0
146       1(100.0)        0(  0.0)       0       0       0       0       0       0       0
147       1(100.0)        0(  0.0)       0       0       0       0       0       0       0
148       0(  0.0)        1(100.0)       0       0       0       0       0       0       0
149       1(100.0)        0(  0.0)       0       0       0       0       0       0       0
150       1(100.0)        0(  0.0)       0       0       0       0       0       0       0
151       0(  0.0)        1(100.0)       0       0       0       0       0       0       0
152       1(100.0)        0(  0.0)       0       0       0       0       0       0       0
153       1(100.0)        0(  0.0)       0       0       0       0       0       0       0
154       0(  0.0)        1(100.0)       0       0       0       0       0       0       0
155       1(100.0)        0(  0.0)       0       0       0       0       0       0       0
156       1(100.0)        0(  0.0)       0       0       0       0       0       0       0
157       1(100.0)        0(  0.0)       0       0       0       0       0       0       0
158       0(  0.0)        1(100.0)       0       0       0       0       0       0       0
159       0(  0.0)        1(100.0)       0       0       0       0       0       0       0
160       1(100.0)        0(  0.0)       0       0       0       0       0       0       0
161       1(100.0)        0(  0.0)       0       0       0       0       0       0       0
162       0(  0.0)        1(100.0)       0       0       0       0       0       0       0
163       0(  0.0)        1(100.0)       0       0       0       0       0       0       0
164       1(100.0)        0(  0.0)       0       0       0       0       0       0       0
165       0(  0.0)        1(100.0)       0       0       0       0       0       0       0
166       0(  0.0)        1(100.0)       0       0       0       0       0       0       0
167       1(100.0)        0(  0.0)       0       0       0       0       0       0       0
168       0(  0.0)        1(100.0)       0       0       0       0       0       0       0
169       1(100.0)        0(  0.0)       0       0       0       0       0       0       0
170       1(100.0)        0(  0.0)       0       0       0       0       0       0       0
171       0(  0.0)        1(100.0)       0       0       0       0       0       0       0
172       1(100.0)        0(  0.0)       0       0       0       0       0       0       0
173       1(100.0)        0(  0.0)       0       0       0       0       0       0       0
174       1(100.0)        0(  0.0)       0       0       0       0       0       0       0
175       1(100.0)        0(  0.0)       0       0       0       0       0       0       0
176       1(100.0)        0(  0.0)       0       0       0       0       0       0       0
177       1(100.0)        0(  0.0)       0       0       0       0       0       0       0
178       0(  0.0)        1(100.0)       0       0       0       0       0       0       0
179       1(100.0)        0(  0.0)       0       0       0       0       0       0       0
180       1(100.0)        0(  0.0)       0       0       0       0       0       0       0
181       0(  0.0)        1(100.0)       0       0       0       0       0       0       0
182       1(100.0)        0(  0.0)       0       0       0       0       0       0       0
183       0(  0.0)        1(100.0)       0       0       0       0       0       0       0
184       0(  0.0)        1(100.0)       0       0       0       0       0       0       0
185       0(  0.0)        1(100.0)       0       0       0       0       0       0       0
186       1(100.0)        0(  0.0)       0       0       0       0       0       0       0
187       1(100.0)        0(  0.0)       0       0       0       0       0       0       0
188       1(100.0)        0(  0.0)       0       0       0       0       0       0       0
189       1(100.0)        0(  0.0)       0       0       0       0       0       0       0
190       1(100.0)        0(  0.0)       0       0       0       0       0       0       0
191       1(100.0)        0(  0.0)       0       0       0       0       0       0       0
192       1(100.0)        0(  0.0)       0       0       0       0       0       0       0
193       1(100.0)        0(  0.0)       0       0       0       0       0       0       0
194       1(100.0)        0(  0.0)       0       0       0       0       0       0       0
195       1(100.0)        0(  0.0)       0       0       0       0       0       0       0
196       1(100.0)        0(  0.0)       0       0       0       0       0       0       0
197       1(100.0)        0(  0.0)       0       0       0       0       0       0       0
198       1(100.0)        0(  0.0)       0       0       0       0       0       0       0
199       1(100.0)        0(  0.0)       0       0       0       0       0       0       0
200       1(100.0)        0(  0.0)       0       0       0       0       0       0       0
201       0(  0.0)        1(100.0)       0       0       0       0       0       0       0
202       1(100.0)        0(  0.0)       0       0       0       0       0       0       0
203       0(  0.0)        1(100.0)       0       0       0       0       0       0       0
204       1(100.0)        0(  0.0)       0       0       0       0       0       0       0
205       0(  0.0)        1(100.0)       0       0       0       0       0       0       0
206       1(100.0)        0(  0.0)       0       0       0       0       0       0       0
207       1(100.0)        0(  0.0)       0       0       0       0       0       0       0
208       1(100.0)        0(  0.0)       0       0       0       0       0       0       0
209       1(100.0)        0(  0.0)       0       0       0       0       0       0       0
210       1(100.0)        0(  0.0)       0       0       0       0       0       0       0
211       0(  0.0)        1(100.0)       0       0       0       0       0       0       0
212       0(  0.0)        1(100.0)       0       0       0       0       0       0       0
213       1(100.0)        0(  0.0)       0       0       0       0       0       0       0
214       1(100.0)        0(  0.0)       0       0       0       0       0       0       0
215       1(100.0)        0(  0.0)       0       0       0       0       0       0       0
216       1(100.0)        0(  0.0)       0       0       0       0       0       0       0
217       0(  0.0)        1(100.0)       0       0       0       0       0       0       0
218       0(  0.0)        1(100.0)       0       0       0       0       0       0       0
219       3( 60.0)        2( 40.0)       0       0       0       0       0       0       0
220       1(100.0)        0(  0.0)       0       0       0       0       0       0       0
221       3( 60.0)        2( 40.0)       0       0       0       0       0       0       0
222       4( 80.0)        1( 20.0)       0       0       0       0       0       0       0
223       5(100.0)        0(  0.0)       0       0       0       0       0       0       0
224       0(  0.0)        1(100.0)       0       0       0       0       0       0       0
225       1(100.0)        0(  0.0)       0       0       0       0       0       0       0
226       0(  0.0)        1(100.0)       0       0       0       0       0       0       0
227       2( 40.0)        3( 60.0)       0       0       0       0       0       0       0
228       0(  0.0)        1(100.0)       0       0       0       0       0       0       0
229       5(100.0)        0(  0.0)       0       0       0       0       0       0       0
230       5(100.0)        0(  0.0)       0       0       0       0       0       0       0
231       5(100.0)        0(  0.0)       0       0       0       0       0       0       0
232       1(100.0)        0(  0.0)       0       0       0       0       0       0       0
233       1(100.0)        0(  0.0)       0       0       0       0       0       0       0
234       1(100.0)        0(  0.0)       0       0       0       0       0       0       0
235       3( 60.0)        2( 40.0)       0       0       0       0       0       0       0
236       1(100.0)        0(  0.0)       0       0       0       0       0       0       0
237       4( 80.0)        1( 20.0)       0       0       0       0       0       0       0
238       5(100.0)        0(  0.0)       0       0       0       0       0       0       0
239       5(100.0)        0(  0.0)       0       0       0       0       0       0       0
240       1(100.0)        0(  0.0)       0       0       0       0       0       0       0
241       1(100.0)        0(  0.0)       0       0       0       0       0       0       0
242       1(100.0)        0(  0.0)       0       0       0       0       0       0       0
243       4( 80.0)        1( 20.0)       0       0       0       0       0       0       0
244       3( 60.0)        2( 40.0)       0       0       0       0       0       0       0
245       0(  0.0)        1(100.0)       0       0       0       0       0       0       0
246       2( 40.0)        3( 60.0)       0       0       0       0       0       0       0
247       2( 40.0)        3( 60.0)       0       0       0       0       0       0       0
248       1(100.0)        0(  0.0)       0       0       0       0       0       0       0
249       1(100.0)        0(  0.0)       0       0       0       0       0       0       0
250       1(100.0)        0(  0.0)       0       0       0       0       0       0       0
251       5(100.0)        0(  0.0)       0       0       0       0       0       0       0
252       5(100.0)        0(  0.0)       0       0       0       0       0       0       0
253       0(  0.0)        1(100.0)       0       0       0       0       0       0       0
254       2( 40.0)        3( 60.0)       0       0       0       0       0       0       0
255       2( 40.0)        3( 60.0)       0       0       0       0       0       0       0
256       1(100.0)        0(  0.0)       0       0       0       0       0       0       0
257       0(  0.0)        1(100.0)       0       0       0       0       0       0       0
258       1(100.0)        0(  0.0)       0       0       0       0       0       0       0
259       5(100.0)        0(  0.0)       0       0       0       0       0       0       0
260       4( 80.0)        1( 20.0)       0       0       0       0       0       0       0
261       0(  0.0)        1(100.0)       0       0       0       0       0       0       0
262       3( 60.0)        2( 40.0)       0       0       0       0       0       0       0
263       3( 60.0)        2( 40.0)       0       0       0       0       0       0       0
264       1(100.0)        0(  0.0)       0       0       0       0       0       0       0
265       3( 60.0)        2( 40.0)       0       0       0       0       0       0       0
266       1(100.0)        0(  0.0)       0       0       0       0       0       0       0
267       1(100.0)        0(  0.0)       0       0       0       0       0       0       0
268       1(100.0)        0(  0.0)       0       0       0       0       0       0       0
269       2( 40.0)        3( 60.0)       0       0       0       0       0       0       0
270       1(100.0)        0(  0.0)       0       0       0       0       0       0       0
271       1(100.0)        0(  0.0)       0       0       0       0       0       0       0
272       1(100.0)        0(  0.0)       0       0       0       0       0       0       0
273       3( 60.0)        2( 40.0)       0       0       0       0       0       0       0
274       0(  0.0)        1(100.0)       0       0       0       0       0       0       0
275       1(100.0)        0(  0.0)       0       0       0       0       0       0       0
276       1(100.0)        0(  0.0)       0       0       0       0       0       0       0
277       1( 20.0)        4( 80.0)       0       0       0       0       0       0       0
278       1(100.0)        0(  0.0)       0       0       0       0       0       0       0
279       1(100.0)        0(  0.0)       0       0       0       0       0       0       0
280       0(  0.0)        1(100.0)       0       0       0       0       0       0       0
281       3( 60.0)        2( 40.0)       0       0       0       0       0       0       0
282       0(  0.0)        1(100.0)       0       0       0       0       0       0       0
283       1(100.0)        0(  0.0)       0       0       0       0       0       0       0
284       1(100.0)        0(  0.0)       0       0       0       0       0       0       0
285       2( 40.0)        3( 60.0)       0       0       0       0       0       0       0
286       1(100.0)        0(  0.0)       0       0       0       0       0       0       0
287       1(100.0)        0(  0.0)       0       0       0       0       0       0       0
288       1(100.0)        0(  0.0)       0       0       0       0       0       0       0
289       1(100.0)        0(  0.0)       0       0       0       0       0       0       0
290       1(100.0)        0(  0.0)       0       0       0       0       0       0       0
291       1(100.0)        0(  0.0)       0       0       0       0       0       0       0
292       1(100.0)        0(  0.0)       0       0       0       0       0       0       0
293       1(100.0)        0(  0.0)       0       0       0       0       0       0       0
294       1(100.0)        0(  0.0)       0       0       0       0       0       0       0
295       0(  0.0)        1(100.0)       0       0       0       0       0       0       0
296       0(  0.0)        1(100.0)       0       0       0       0       0       0       0
297       0(  0.0)        1(100.0)       0       0       0       0       0       0       0
298       1(100.0)        0(  0.0)       0       0       0       0       0       0       0
299       1(100.0)        0(  0.0)       0       0       0       0       0       0       0
300       1(100.0)        0(  0.0)       0       0       0       0       0       0       0
301       1(100.0)        0(  0.0)       0       0       0       0       0       0       0
302       0(  0.0)        1(100.0)       0       0       0       0       0       0       0
303       1(100.0)        0(  0.0)       0       0       0       0       0       0       0
304       1(100.0)        0(  0.0)       0       0       0       0       0       0       0
305       0(  0.0)        1(100.0)       0       0       0       0       0       0       0
306       0(  0.0)        1(100.0)       0       0       0       0       0       0       0
307       0(  0.0)        1(100.0)       0       0       0       0       0       0       0
308       1(100.0)        0(  0.0)       0       0       0       0       0       0       0
309       1(100.0)        0(  0.0)       0       0       0       0       0       0       0
310       0(  0.0)        1(100.0)       0       0       0       0       0       0       0
311       0(  0.0)        1(100.0)       0       0       0       0       0       0       0
312       0(  0.0)        1(100.0)       0       0       0       0       0       0       0
313       1(100.0)        0(  0.0)       0       0       0       0       0       0       0
314       1(100.0)        0(  0.0)       0       0       0       0       0       0       0
315       1(100.0)        0(  0.0)       0       0       0       0       0       0       0
316       1(100.0)        0(  0.0)       0       0       0       0       0       0       0
317       1(100.0)        0(  0.0)       0       0       0       0       0       0       0
318       1(100.0)        0(  0.0)       0       0       0       0       0       0       0
319       1(100.0)        0(  0.0)       0       0       0       0       0       0       0
320       1(100.0)        0(  0.0)       0       0       0       0       0       0       0
321       0(  0.0)        1(100.0)       0       0       0       0       0       0       0
322       1(100.0)        0(  0.0)       0       0       0       0       0       0       0
323       1(100.0)        0(  0.0)       0       0       0       0       0       0       0
324       1(100.0)        0(  0.0)       0       0       0       0       0       0       0
325       1(100.0)        0(  0.0)       0       0       0       0       0       0       0
326       1(100.0)        0(  0.0)       0       0       0       0       0       0       0
327       1(100.0)        0(  0.0)       0       0       0       0       0       0       0
328       0(  0.0)        1(100.0)       0       0       0       0       0       0       0
329       0(  0.0)        1(100.0)       0       0       0       0       0       0       0
330       1(100.0)        0(  0.0)       0       0       0       0       0       0       0
331       1(100.0)        0(  0.0)       0       0       0       0       0       0       0
332       1(100.0)        0(  0.0)       0       0       0       0       0       0       0
333       1(100.0)        0(  0.0)       0       0       0       0       0       0       0
334       1(100.0)        0(  0.0)       0       0       0       0       0       0       0
335       1(100.0)        0(  0.0)       0       0       0       0       0       0       0
336       1(100.0)        0(  0.0)       0       0       0       0       0       0       0
337       0(  0.0)        1(100.0)       0       0       0       0       0       0       0
338       1(100.0)        0(  0.0)       0       0       0       0       0       0       0
339       0(  0.0)        1(100.0)       0       0       0       0       0       0       0
340       0(  0.0)        1(100.0)       0       0       0       0       0       0       0
341       0(  0.0)        1(100.0)       0       0       0       0       0       0       0
342       0(  0.0)        1(100.0)       0       0       0       0       0       0       0
343       0(  0.0)        1(100.0)       0       0       0       0       0       0       0
344       1(100.0)        0(  0.0)       0       0       0       0       0       0       0
345       0(  0.0)        1(100.0)       0       0       0       0       0       0       0
346       1(100.0)        0(  0.0)       0       0       0       0       0       0       0
347       1(100.0)        0(  0.0)       0       0       0       0       0       0       0
348       1(100.0)        0(  0.0)       0       0       0       0       0       0       0
349       1(100.0)        0(  0.0)       0       0       0       0       0       0       0
350       1(100.0)        0(  0.0)       0       0       0       0       0       0       0
351       1(100.0)        0(  0.0)       0       0       0       0       0       0       0
352       0(  0.0)        1(100.0)       0       0       0       0       0       0       0
353       1(100.0)        0(  0.0)       0       0       0       0       0       0       0
354       1(100.0)        0(  0.0)       0       0       0       0       0       0       0
355       1(100.0)        0(  0.0)       0       0       0       0       0       0       0
356       0(  0.0)        1(100.0)       0       0       0       0       0       0       0
357       0(  0.0)        1(100.0)       0       0       0       0       0       0       0
358       0(  0.0)        1(100.0)       0       0       0       0       0       0       0
359       0(  0.0)        1(100.0)       0       0       0       0       0       0       0
360       1(100.0)        0(  0.0)       0       0       0       0       0       0       0
361       1(100.0)        0(  0.0)       0       0       0       0       0       0       0
362       1(100.0)        0(  0.0)       0       0       0       0       0       0       0
363       0(  0.0)        1(100.0)       0       0       0       0       0       0       0
364       1(100.0)        0(  0.0)       0       0       0       0       0       0       0
365       1(100.0)        0(  0.0)       0       0       0       0       0       0       0
366       0(  0.0)        1(100.0)       0       0       0       0       0       0       0
367       1(100.0)        0(  0.0)       0       0       0       0       0       0       0
368       1(100.0)        0(  0.0)       0       0       0       0       0       0       0
369       1(100.0)        0(  0.0)       0       0       0       0       0       0       0
370       1(100.0)        0(  0.0)       0       0       0       0       0       0       0
371       0(  0.0)        1(100.0)       0       0       0       0       0       0       0
372       1(100.0)        0(  0.0)       0       0       0       0       0       0       0
373       1(100.0)        0(  0.0)       0       0       0       0       0       0       0
374       0(  0.0)        1(100.0)       0       0       0       0       0       0       0
375       1(100.0)        0(  0.0)       0       0       0       0       0       0       0
376       0(  0.0)        1(100.0)       0       0       0       0       0       0       0
377       1(100.0)        0(  0.0)       0       0       0       0       0       0       0
378       1(100.0)        0(  0.0)       0       0       0       0       0       0       0
379       1(100.0)        0(  0.0)       0       0       0       0       0       0       0
380       1(100.0)        0(  0.0)       0       0       0       0       0       0       0
381       1(100.0)        0(  0.0)       0       0       0       0       0       0       0
382       1(100.0)        0(  0.0)       0       0       0       0       0       0       0
383       1(100.0)        0(  0.0)       0       0       0       0       0       0       0
384       1(100.0)        0(  0.0)       0       0       0       0       0       0       0
385       1(100.0)        0(  0.0)       0       0       0       0       0       0       0
386       1(100.0)        0(  0.0)       0       0       0       0       0       0       0
387       1(100.0)        0(  0.0)       0       0       0       0       0       0       0
388       1(100.0)        0(  0.0)       0       0       0       0       0       0       0
389       1(100.0)        0(  0.0)       0       0       0       0       0       0       0
390       0(  0.0)        1(100.0)       0       0       0       0       0       0       0
391       1(100.0)        0(  0.0)       0       0       0       0       0       0       0
392       1(100.0)        0(  0.0)       0       0       0       0       0       0       0
393       1(100.0)        0(  0.0)       0       0       0       0       0       0       0
394       0(  0.0)        1(100.0)       0       0       0       0       0       0       0
395       0(  0.0)        1(100.0)       0       0       0       0       0       0       0
396       1(100.0)        0(  0.0)       0       0       0       0       0       0       0
397       1(100.0)        0(  0.0)       0       0       0       0       0       0       0
398       1(100.0)        0(  0.0)       0       0       0       0       0       0       0
399       0(  0.0)        1(100.0)       0       0       0       0       0       0       0
400       1(100.0)        0(  0.0)       0       0       0       0       0       0       0
401       1(100.0)        0(  0.0)       0       0       0       0       0       0       0
402       1(100.0)        0(  0.0)       0       0       0       0       0       0       0
403       1(100.0)        0(  0.0)       0       0       0       0       0       0       0
404       0(  0.0)        1(100.0)       0       0       0       0       0       0       0
405       1(100.0)        0(  0.0)       0       0       0       0       0       0       0
406       1(100.0)        0(  0.0)       0       0       0       0       0       0       0
407       0(  0.0)        1(100.0)       0       0       0       0       0       0       0
408       1(100.0)        0(  0.0)       0       0       0       0       0       0       0
409       1(100.0)        0(  0.0)       0       0       0       0       0       0       0
410       1(100.0)        0(  0.0)       0       0       0       0       0       0       0
411       1(100.0)        0(  0.0)       0       0       0       0       0       0       0
412       1(100.0)        0(  0.0)       0       0       0       0       0       0       0
413       0(  0.0)        1(100.0)       0       0       0       0       0       0       0
414       1(100.0)        0(  0.0)       0       0       0       0       0       0       0
415       0(  0.0)        1(100.0)       0       0       0       0       0       0       0
416       1(100.0)        0(  0.0)       0       0       0       0       0       0       0
417       1(100.0)        0(  0.0)       0       0       0       0       0       0       0
418       1(100.0)        0(  0.0)       0       0       0       0       0       0       0
419       1(100.0)        0(  0.0)       0       0       0       0       0       0       0
420       1(100.0)        0(  0.0)       0       0       0       0       0       0       0
421       1(100.0)        0(  0.0)       0       0       0       0       0       0       0
422       1(100.0)        0(  0.0)       0       0       0       0       0       0       0
423       0(  0.0)        1(100.0)       0       0       0       0       0       0       0
424       1(100.0)        0(  0.0)       0       0       0       0       0       0       0
425       1(100.0)        0(  0.0)       0       0       0       0       0       0       0
426       1(100.0)        0(  0.0)       0       0       0       0       0       0       0
427       1(100.0)        0(  0.0)       0       0       0       0       0       0       0
428       1(100.0)        0(  0.0)       0       0       0       0       0       0       0
429       0(  0.0)        1(100.0)       0       0       0       0       0       0       0
430       1(100.0)        0(  0.0)       0       0       0       0       0       0       0
431       1(100.0)        0(  0.0)       0       0       0       0       0       0       0
432       1(100.0)        0(  0.0)       0       0       0       0       0       0       0
433       1(100.0)        0(  0.0)       0       0       0       0       0       0       0
434       1(100.0)        0(  0.0)       0       0       0       0       0       0       0
435       0(  0.0)        1(100.0)       0       0       0       0       0       0       0
436       1(100.0)        0(  0.0)       0       0       0       0       0       0       0
437       0(  0.0)        1(100.0)       0       0       0       0       0       0       0
438       1(100.0)        0(  0.0)       0       0       0       0       0       0       0
439       1(100.0)        0(  0.0)       0       0       0       0       0       0       0
440       1(100.0)        0(  0.0)       0       0       0       0       0       0       0
441       1(100.0)        0(  0.0)       0       0       0       0       0       0       0
442       1(100.0)        0(  0.0)       0       0       0       0       0       0       0
443       1(100.0)        0(  0.0)       0       0       0       0       0       0       0
444       0(  0.0)        1(100.0)       0       0       0       0       0       0       0
445       1(100.0)        0(  0.0)       0       0       0       0       0       0       0
446       1(100.0)        0(  0.0)       0       0       0       0       0       0       0
447       0(  0.0)        1(100.0)       0       0       0       0       0       0       0
448       1(100.0)        0(  0.0)       0       0       0       0       0       0       0
449       0(  0.0)        1(100.0)       0       0       0       0       0       0       0
450       1(100.0)        0(  0.0)       0       0       0       0       0       0       0
451       0(  0.0)        1(100.0)       0       0       0       0       0       0       0
452       0(  0.0)        1(100.0)       0       0       0       0       0       0       0
453       1(100.0)        0(  0.0)       0       0       0       0       0       0       0
454       1(100.0)        0(  0.0)       0       0       0       0       0       0       0
455       0(  0.0)        1(100.0)       0       0       0       0       0       0       0
456       0(  0.0)        1(100.0)       0       0       0       0       0       0       0
457       4( 80.0)        1( 20.0)       0       0       0       0       0       0       0
458       5(100.0)        0(  0.0)       0       0       0       0       0       0       0
459       0(  0.0)        1(100.0)       0       0       0       0       0       0       0
460       3( 60.0)        2( 40.0)       0       0       0       0       0       0       0
461       0(  0.0)        1(100.0)       0       0       0       0       0       0       0
462       0(  0.0)        1(100.0)       0       0       0       0       0       0       0
463       1(100.0)        0(  0.0)       0       0       0       0       0       0       0
464       5(100.0)        0(  0.0)       0       0       0       0       0       0       0
465       3( 60.0)        2( 40.0)       0       0       0       0       0       0       0
466       4( 80.0)        1( 20.0)       0       0       0       0       0       0       0
467       1(100.0)        0(  0.0)       0       0       0       0       0       0       0
468       4( 80.0)        1( 20.0)       0       0       0       0       0       0       0
469       1(100.0)        0(  0.0)       0       0       0       0       0       0       0
470       0(  0.0)        1(100.0)       0       0       0       0       0       0       0
471       0(  0.0)        1(100.0)       0       0       0       0       0       0       0
472       4( 80.0)        1( 20.0)       0       0       0       0       0       0       0
473       3( 60.0)        2( 40.0)       0       0       0       0       0       0       0
474       5(100.0)        0(  0.0)       0       0       0       0       0       0       0
475       1(100.0)        0(  0.0)       0       0       0       0       0       0       0
476       4( 80.0)        1( 20.0)       0       0       0       0       0       0       0
477       0(  0.0)        1(100.0)       0       0       0       0       0       0       0
478       0(  0.0)        1(100.0)       0       0       0       0       0       0       0
479       1(100.0)        0(  0.0)       0       0       0       0       0       0       0
480       4( 80.0)        1( 20.0)       0       0       0       0       0       0       0
481       2( 40.0)        3( 60.0)       0       0       0       0       0       0       0
482       2( 40.0)        3( 60.0)       0       0       0       0       0       0       0
483       1(100.0)        0(  0.0)       0       0       0       0       0       0       0
484       1(100.0)        0(  0.0)       0       0       0       0       0       0       0
485       3( 60.0)        2( 40.0)       0       0       0       0       0       0       0
486       1(100.0)        0(  0.0)       0       0       0       0       0       0       0
487       1(100.0)        0(  0.0)       0       0       0       0       0       0       0
488       2( 40.0)        3( 60.0)       0       0       0       0       0       0       0
489       2( 40.0)        3( 60.0)       0       0       0       0       0       0       0
490       1( 20.0)        4( 80.0)       0       0       0       0       0       0       0
491       1(100.0)        0(  0.0)       0       0       0       0       0       0       0
492       1(100.0)        0(  0.0)       0       0       0       0       0       0       0
493       3( 60.0)        2( 40.0)       0       0       0       0       0       0       0
494       0(  0.0)        1(100.0)       0       0       0       0       0       0       0
495       1(100.0)        0(  0.0)       0       0       0       0       0       0       0
496       3( 60.0)        2( 40.0)       0       0       0       0       0       0       0
497       3( 60.0)        2( 40.0)       0       0       0       0       0       0       0
498       2( 40.0)        3( 60.0)       0       0       0       0       0       0       0
499       1(100.0)        0(  0.0)       0       0       0       0       0       0       0
500       1(100.0)        0(  0.0)       0       0       0       0       0       0       0
501       3( 60.0)        2( 40.0)       0       0       0       0       0       0       0
502       0(  0.0)        1(100.0)       0       0       0       0       0       0       0
503       1(100.0)        0(  0.0)       0       0       0       0       0       0       0
504       2( 40.0)        3( 60.0)       0       0       0       0       0       0       0
505       0(  0.0)        1(100.0)       0       0       0       0       0       0       0
506       4( 80.0)        1( 20.0)       0       0       0       0       0       0       0
507       4( 80.0)        1( 20.0)       0       0       0       0       0       0       0
508       1( 20.0)        4( 80.0)       0       0       0       0       0       0       0
509       1(100.0)        0(  0.0)       0       0       0       0       0       0       0
510       2( 40.0)        3( 60.0)       0       0       0       0       0       0       0
511       1(100.0)        0(  0.0)       0       0       0       0       0       0       0
512       1(100.0)        0(  0.0)       0       0       0       0       0       0       0
513       0(  0.0)        1(100.0)       0       0       0       0       0       0       0
514       5(100.0)        0(  0.0)       0       0       0       0       0       0       0
515       3( 60.0)        2( 40.0)       0       0       0       0       0       0       0
516       0(  0.0)        5(100.0)       0       0       0       0       0       0       0
517       1(100.0)        0(  0.0)       0       0       0       0       0       0       0
518       3( 60.0)        2( 40.0)       0       0       0       0       0       0       0
519       0(  0.0)        1(100.0)       0       0       0       0       0       0       0
520       0(  0.0)        1(100.0)       0       0       0       0       0       0       0
521       0(  0.0)        1(100.0)       0       0       0       0       0       0       0
522       4( 80.0)        1( 20.0)       0       0       0       0       0       0       0
523       3( 60.0)        2( 40.0)       0       0       0       0       0       0       0
524       1( 20.0)        4( 80.0)       0       0       0       0       0       0       0
525       0(  0.0)        1(100.0)       0       0       0       0       0       0       0
526       3( 60.0)        2( 40.0)       0       0       0       0       0       0       0
527       0(  0.0)        1(100.0)       0       0       0       0       0       0       0
528       1(100.0)        0(  0.0)       0       0       0       0       0       0       0
529       1(100.0)        0(  0.0)       0       0       0       0       0       0       0
530       2(100.0)        0(  0.0)       0       0       0       0       0       0       0
531       1(100.0)        0(  0.0)       0       0       0       0       0       0       0
532       1(100.0)        0(  0.0)       0       0       0       0       0       0       0
533       1(100.0)        0(  0.0)       0       0       0       0       0       0       0
534       0(  0.0)        1(100.0)       0       0       0       0       0       0       0
535       1(100.0)        0(  0.0)       0       0       0       0       0       0       0
536       1(100.0)        0(  0.0)       0       0       0       0       0       0       0
537       0(  0.0)        1(100.0)       0       0       0       0       0       0       0
538       1( 50.0)        1( 50.0)       0       0       0       0       0       0       0
539       0(  0.0)        1(100.0)       0       0       0       0       0       0       0
540       0(  0.0)        1(100.0)       0       0       0       0       0       0       0
541       1(100.0)        0(  0.0)       0       0       0       0       0       0       0
542       1(100.0)        0(  0.0)       0       0       0       0       0       0       0
543       1(100.0)        0(  0.0)       0       0       0       0       0       0       0
544       0(  0.0)        1(100.0)       0       0       0       0       0       0       0
545       1(100.0)        0(  0.0)       0       0       0       0       0       0       0
546       1( 50.0)        1( 50.0)       0       0       0       0       0       0       0
547       1(100.0)        0(  0.0)       0       0       0       0       0       0       0
548       1(100.0)        0(  0.0)       0       0       0       0       0       0       0
549       1(100.0)        0(  0.0)       0       0       0       0       0       0       0
550       0(  0.0)        1(100.0)       0       0       0       0       0       0       0
551       1(100.0)        0(  0.0)       0       0       0       0       0       0       0
552       1(100.0)        0(  0.0)       0       0       0       0       0       0       0
553       2(100.0)        0(  0.0)       0       0       0       0       0       0       0
554       1(100.0)        0(  0.0)       0       0       0       0       0       0       0
555       0(  0.0)        1(100.0)       0       0       0       0       0       0       0
556       0(  0.0)        1(100.0)       0       0       0       0       0       0       0
557       1(100.0)        0(  0.0)       0       0       0       0       0       0       0
558       0(  0.0)        1(100.0)       0       0       0       0       0       0       0
559       0(  0.0)        1(100.0)       0       0       0       0       0       0       0
560       0(  0.0)        1(100.0)       0       0       0       0       0       0       0
561       1( 50.0)        1( 50.0)       0       0       0       0       0       0       0
562       0(  0.0)        1(100.0)       0       0       0       0       0       0       0
563       0(  0.0)        1(100.0)       0       0       0       0       0       0       0
564       0(  0.0)        1(100.0)       0       0       0       0       0       0       0
565       1(100.0)        0(  0.0)       0       0       0       0       0       0       0
566       1(100.0)        0(  0.0)       0       0       0       0       0       0       0
567       0(  0.0)        1(100.0)       0       0       0       0       0       0       0
568       0(  0.0)        1(100.0)       0       0       0       0       0       0       0
569       0(  0.0)        2(100.0)       0       0       0       0       0       0       0
570       1(100.0)        0(  0.0)       0       0       0       0       0       0       0
571       0(  0.0)        1(100.0)       0       0       0       0       0       0       0
572       0(  0.0)        1(100.0)       0       0       0       0       0       0       0
573       1(100.0)        0(  0.0)       0       0       0       0       0       0       0
574       0(  0.0)        1(100.0)       0       0       0       0       0       0       0
575       0(  0.0)        1(100.0)       0       0       0       0       0       0       0
576       1(100.0)        0(  0.0)       0       0       0       0       0       0       0
____________________________________________________________________________________________________
Total   552( 65.5)      291( 34.5)       0       0       0       0       0       0       0

