#  Non-editable header begin --------------------------------------------------------------------------------
# 
#  data format...............: continuous
#  setname...................: m21_s107_vsl_filt_filt_rs_ref_elist_elist
#  filename..................: m21_s107_vsl_filt_filt_rs_ref.set
#  filepath..................: Z:\PROJECTS\MPH_H\MORPH21\dat\erp\S107
#  nchan.....................: 33
#  pnts......................: 220270
#  srate.....................: 200
#  nevents...................: 812
#  generated by (bdf)........: 
#  generated by (set)........: m21_s107_vsl_filt_filt_rs_ref_elist_elist
#  reported in ..............: 
#  prog Version..............: 5.0.0.0
#  creation date.............: 19-Jul-2019 10:28:58
#  user Account..............: 
# 
#  Non-editable header end --------------------------------------------------------------------------------




# item	 bepoch	  ecode	            label	      onset	          diff	     dura	b_flags	   a_flags	  enable	    bin
#                                                 (sec)           (msec)     (msec)    (binary)   (binary)


1     	0     	    -99	        boundary	      0.0000	      0.00	    NaN	    00000000     00000000	   1	[       ]
2     	0     	      4	              ""	     13.7640	  13764.00	    5.0	    00000000     00000000	   1	[       ]
3     	0     	     12	              ""	     13.7720	      8.00	    5.0	    00000000     00000000	   1	[       ]
4     	0     	     12	              ""	     14.7800	   1008.00	    5.0	    00000000     00000000	   1	[       ]
5     	0     	     12	              ""	     15.7900	   1010.00	    5.0	    00000000     00000000	   1	[       ]
6     	0     	     14	              ""	     16.7980	   1008.00	    5.0	    00000000     00000000	   1	[       ]
7     	0     	     14	              ""	     17.8060	   1008.00	    5.0	    00000000     00000000	   1	[       ]
8     	0     	     14	              ""	     18.8140	   1008.00	    5.0	    00000000     00000000	   1	[       ]
9     	0     	     18	              ""	     19.8240	   1010.00	    5.0	    00000000     00000000	   1	[       ]
10    	0     	     18	              ""	     20.8320	   1008.00	    5.0	    00000000     00000000	   1	[       ]
11    	0     	     18	              ""	     21.8400	   1008.00	    5.0	    00000000     00000000	   1	[       ]
12    	0     	     15	              ""	     22.8480	   1008.00	    5.0	    00000000     00000000	   1	[       ]
13    	0     	     15	              ""	     23.8560	   1008.00	    5.0	    00000000     00000000	   1	[       ]
14    	0     	     15	              ""	     24.8660	   1010.00	    5.0	    00000000     00000000	   1	[       ]
15    	0     	     16	              ""	     25.8740	   1008.00	    5.0	    00000000     00000000	   1	[       ]
16    	0     	     16	              ""	     26.8820	   1008.00	    5.0	    00000000     00000000	   1	[       ]
17    	0     	     16	              ""	     27.8900	   1008.00	    5.0	    00000000     00000000	   1	[       ]
18    	0     	     11	              ""	     28.9000	   1010.00	    5.0	    00000000     00000000	   1	[       ]
19    	0     	     11	              ""	     29.9080	   1008.00	    5.0	    00000000     00000000	   1	[       ]
20    	0     	     11	              ""	     30.9160	   1008.00	    5.0	    00000000     00000000	   1	[       ]
21    	0     	     13	              ""	     31.9240	   1008.00	    5.0	    00000000     00000000	   1	[       ]
22    	0     	     13	              ""	     32.9320	   1008.00	    5.0	    00000000     00000000	   1	[       ]
23    	0     	     13	              ""	     33.9420	   1010.00	    5.0	    00000000     00000000	   1	[       ]
24    	0     	     17	              ""	     34.9500	   1008.00	    5.0	    00000000     00000000	   1	[       ]
25    	0     	     17	              ""	     35.9580	   1008.00	    5.0	    00000000     00000000	   1	[       ]
26    	0     	     17	              ""	     36.9660	   1008.00	    5.0	    00000000     00000000	   1	[       ]
27    	0     	     22	              ""	     37.9740	   1008.00	    5.0	    00000000     00000000	   1	[       ]
28    	0     	     22	              ""	     38.9840	   1010.00	    5.0	    00000000     00000000	   1	[       ]
29    	0     	     22	              ""	     39.9920	   1008.00	    5.0	    00000000     00000000	   1	[       ]
30    	0     	     26	              ""	     41.0000	   1008.00	    5.0	    00000000     00000000	   1	[       ]
31    	0     	     26	              ""	     42.0080	   1008.00	    5.0	    00000000     00000000	   1	[       ]
32    	0     	     26	              ""	     43.0180	   1010.00	    5.0	    00000000     00000000	   1	[       ]
33    	0     	     23	              ""	     44.0260	   1008.00	    5.0	    00000000     00000000	   1	[       ]
34    	0     	     23	              ""	     45.0340	   1008.00	    5.0	    00000000     00000000	   1	[       ]
35    	0     	     23	              ""	     46.0420	   1008.00	    5.0	    00000000     00000000	   1	[       ]
36    	0     	     25	              ""	     47.0500	   1008.00	    5.0	    00000000     00000000	   1	[       ]
37    	0     	     25	              ""	     48.0600	   1010.00	    5.0	    00000000     00000000	   1	[       ]
38    	0     	     25	              ""	     49.0680	   1008.00	    5.0	    00000000     00000000	   1	[       ]
39    	0     	     27	              ""	     50.0760	   1008.00	    5.0	    00000000     00000000	   1	[       ]
40    	0     	     27	              ""	     51.0840	   1008.00	    5.0	    00000000     00000000	   1	[       ]
41    	0     	     27	              ""	     52.0920	   1008.00	    5.0	    00000000     00000000	   1	[       ]
42    	0     	     21	              ""	     53.1020	   1010.00	    5.0	    00000000     00000000	   1	[       ]
43    	0     	     21	              ""	     54.1100	   1008.00	    5.0	    00000000     00000000	   1	[       ]
44    	0     	     21	              ""	     55.1180	   1008.00	    5.0	    00000000     00000000	   1	[       ]
45    	0     	     28	              ""	     56.1260	   1008.00	    5.0	    00000000     00000000	   1	[       ]
46    	0     	     28	              ""	     57.1360	   1010.00	    5.0	    00000000     00000000	   1	[       ]
47    	0     	     28	              ""	     58.1440	   1008.00	    5.0	    00000000     00000000	   1	[       ]
48    	0     	     24	              ""	     59.1520	   1008.00	    5.0	    00000000     00000000	   1	[       ]
49    	0     	     24	              ""	     60.1600	   1008.00	    5.0	    00000000     00000000	   1	[       ]
50    	0     	     24	              ""	     61.1680	   1008.00	    5.0	    00000000     00000000	   1	[       ]
51    	0     	     35	              ""	     62.1780	   1010.00	    5.0	    00000000     00000000	   1	[       ]
52    	0     	     35	              ""	     63.1860	   1008.00	    5.0	    00000000     00000000	   1	[       ]
53    	0     	     35	              ""	     64.1940	   1008.00	    5.0	    00000000     00000000	   1	[       ]
54    	0     	     31	              ""	     65.2020	   1008.00	    5.0	    00000000     00000000	   1	[       ]
55    	0     	     31	              ""	     66.2120	   1009.99	    5.0	    00000000     00000000	   1	[       ]
56    	0     	     31	              ""	     67.2200	   1008.00	    5.0	    00000000     00000000	   1	[       ]
57    	0     	     32	              ""	     68.2280	   1008.00	    5.0	    00000000     00000000	   1	[       ]
58    	0     	     32	              ""	     69.2360	   1008.00	    5.0	    00000000     00000000	   1	[       ]
59    	0     	     32	              ""	     70.2440	   1008.00	    5.0	    00000000     00000000	   1	[       ]
60    	0     	     34	              ""	     71.2540	   1009.99	    5.0	    00000000     00000000	   1	[       ]
61    	0     	     34	              ""	     72.2620	   1008.00	    5.0	    00000000     00000000	   1	[       ]
62    	0     	     34	              ""	     73.2700	   1008.00	    5.0	    00000000     00000000	   1	[       ]
63    	0     	     36	              ""	     74.2780	   1008.00	    5.0	    00000000     00000000	   1	[       ]
64    	0     	     36	              ""	     75.2860	   1008.00	    5.0	    00000000     00000000	   1	[       ]
65    	0     	     36	              ""	     76.2960	   1009.99	    5.0	    00000000     00000000	   1	[       ]
66    	0     	     33	              ""	     77.3040	   1008.00	    5.0	    00000000     00000000	   1	[       ]
67    	0     	     33	              ""	     78.3120	   1008.00	    5.0	    00000000     00000000	   1	[       ]
68    	0     	     33	              ""	     79.3200	   1008.00	    5.0	    00000000     00000000	   1	[       ]
69    	0     	     38	              ""	     80.3300	   1010.00	    5.0	    00000000     00000000	   1	[       ]
70    	0     	     38	              ""	     81.3380	   1008.00	    5.0	    00000000     00000000	   1	[       ]
71    	0     	     38	              ""	     82.3460	   1008.00	    5.0	    00000000     00000000	   1	[       ]
72    	0     	     37	              ""	     83.3540	   1008.00	    5.0	    00000000     00000000	   1	[       ]
73    	0     	     37	              ""	     84.3620	   1008.00	    5.0	    00000000     00000000	   1	[       ]
74    	0     	     37	              ""	     85.3720	   1010.00	    5.0	    00000000     00000000	   1	[       ]
75    	0     	     41	              ""	     86.3800	   1008.00	    5.0	    00000000     00000000	   1	[       ]
76    	0     	     41	              ""	     87.3880	   1008.00	    5.0	    00000000     00000000	   1	[       ]
77    	0     	     41	              ""	     88.3960	   1008.00	    5.0	    00000000     00000000	   1	[       ]
78    	0     	     44	              ""	     89.4060	   1009.99	    5.0	    00000000     00000000	   1	[       ]
79    	0     	     44	              ""	     90.4140	   1008.00	    5.0	    00000000     00000000	   1	[       ]
80    	0     	     44	              ""	     91.4220	   1008.00	    5.0	    00000000     00000000	   1	[       ]
81    	0     	     42	              ""	     92.4300	   1008.00	    5.0	    00000000     00000000	   1	[       ]
82    	0     	     42	              ""	     93.4380	   1008.00	    5.0	    00000000     00000000	   1	[       ]
83    	0     	     42	              ""	     94.4480	   1009.99	    5.0	    00000000     00000000	   1	[       ]
84    	0     	     48	              ""	     95.4560	   1008.00	    5.0	    00000000     00000000	   1	[       ]
85    	0     	     48	              ""	     96.4640	   1008.00	    5.0	    00000000     00000000	   1	[       ]
86    	0     	     48	              ""	     97.4720	   1008.00	    5.0	    00000000     00000000	   1	[       ]
87    	0     	     47	              ""	     98.4800	   1008.00	    5.0	    00000000     00000000	   1	[       ]
88    	0     	     47	              ""	     99.4900	   1009.99	    5.0	    00000000     00000000	   1	[       ]
89    	0     	     47	              ""	    100.4980	   1008.00	    5.0	    00000000     00000000	   1	[       ]
90    	0     	     45	              ""	    101.5060	   1008.00	    5.0	    00000000     00000000	   1	[       ]
91    	0     	     45	              ""	    102.5140	   1008.00	    5.0	    00000000     00000000	   1	[       ]
92    	0     	     45	              ""	    103.5240	   1010.00	    5.0	    00000000     00000000	   1	[       ]
93    	0     	     43	              ""	    104.5320	   1008.00	    5.0	    00000000     00000000	   1	[       ]
94    	0     	     43	              ""	    105.5400	   1008.00	    5.0	    00000000     00000000	   1	[       ]
95    	0     	     43	              ""	    106.5480	   1008.00	    5.0	    00000000     00000000	   1	[       ]
96    	0     	     46	              ""	    107.5560	   1008.00	    5.0	    00000000     00000000	   1	[       ]
97    	0     	     46	              ""	    108.5660	   1010.00	    5.0	    00000000     00000000	   1	[       ]
98    	0     	     46	              ""	    109.5740	   1008.00	    5.0	    00000000     00000000	   1	[       ]
99    	0     	     55	              ""	    110.5820	   1008.00	    5.0	    00000000     00000000	   1	[       ]
100   	0     	     55	              ""	    111.5900	   1008.00	    5.0	    00000000     00000000	   1	[       ]
101   	0     	     55	              ""	    112.5980	   1008.00	    5.0	    00000000     00000000	   1	[       ]
102   	0     	     54	              ""	    113.6080	   1010.00	    5.0	    00000000     00000000	   1	[       ]
103   	0     	     54	              ""	    114.6160	   1008.00	    5.0	    00000000     00000000	   1	[       ]
104   	0     	     54	              ""	    115.6240	   1008.00	    5.0	    00000000     00000000	   1	[       ]
105   	0     	     52	              ""	    116.6320	   1008.00	    5.0	    00000000     00000000	   1	[       ]
106   	0     	     52	              ""	    117.6420	   1009.99	    5.0	    00000000     00000000	   1	[       ]
107   	0     	     52	              ""	    118.6500	   1008.00	    5.0	    00000000     00000000	   1	[       ]
108   	0     	     57	              ""	    119.6580	   1008.00	    5.0	    00000000     00000000	   1	[       ]
109   	0     	     57	              ""	    120.6660	   1008.00	    5.0	    00000000     00000000	   1	[       ]
110   	0     	     57	              ""	    121.6740	   1008.00	    5.0	    00000000     00000000	   1	[       ]
111   	0     	     58	              ""	    122.6840	   1009.99	    5.0	    00000000     00000000	   1	[       ]
112   	0     	     58	              ""	    123.6920	   1008.00	    5.0	    00000000     00000000	   1	[       ]
113   	0     	     58	              ""	    124.7000	   1008.00	    5.0	    00000000     00000000	   1	[       ]
114   	0     	     56	              ""	    125.7080	   1008.00	    5.0	    00000000     00000000	   1	[       ]
115   	0     	     56	              ""	    126.7180	   1010.00	    5.0	    00000000     00000000	   1	[       ]
116   	0     	     56	              ""	    127.7260	   1008.00	    5.0	    00000000     00000000	   1	[       ]
117   	0     	     51	              ""	    128.7340	   1008.00	    5.0	    00000000     00000000	   1	[       ]
118   	0     	     51	              ""	    129.7420	   1008.01	    5.0	    00000000     00000000	   1	[       ]
119   	0     	     51	              ""	    130.7500	   1008.00	    5.0	    00000000     00000000	   1	[       ]
120   	0     	     53	              ""	    131.7600	   1009.99	    5.0	    00000000     00000000	   1	[       ]
121   	0     	     53	              ""	    132.7680	   1008.01	    5.0	    00000000     00000000	   1	[       ]
122   	0     	     53	              ""	    133.7760	   1008.00	    5.0	    00000000     00000000	   1	[       ]
123   	0     	     67	              ""	    134.7840	   1008.00	    5.0	    00000000     00000000	   1	[       ]
124   	0     	     67	              ""	    135.7920	   1008.01	    5.0	    00000000     00000000	   1	[       ]
125   	0     	     67	              ""	    136.8020	   1009.99	    5.0	    00000000     00000000	   1	[       ]
126   	0     	     65	              ""	    137.8100	   1008.00	    5.0	    00000000     00000000	   1	[       ]
127   	0     	     65	              ""	    138.8180	   1008.00	    5.0	    00000000     00000000	   1	[       ]
128   	0     	     65	              ""	    139.8260	   1008.01	    5.0	    00000000     00000000	   1	[       ]
129   	0     	     64	              ""	    140.8360	   1009.99	    5.0	    00000000     00000000	   1	[       ]
130   	0     	     64	              ""	    141.8440	   1008.00	    5.0	    00000000     00000000	   1	[       ]
131   	0     	     64	              ""	    142.8520	   1008.01	    5.0	    00000000     00000000	   1	[       ]
132   	0     	     68	              ""	    143.8600	   1008.00	    5.0	    00000000     00000000	   1	[       ]
133   	0     	     68	              ""	    144.8680	   1008.00	    5.0	    00000000     00000000	   1	[       ]
134   	0     	     68	              ""	    145.8780	   1010.01	    5.0	    00000000     00000000	   1	[       ]
135   	0     	     63	              ""	    146.8860	   1008.00	    5.0	    00000000     00000000	   1	[       ]
136   	0     	     63	              ""	    147.8940	   1008.00	    5.0	    00000000     00000000	   1	[       ]
137   	0     	     63	              ""	    148.9020	   1008.00	    5.0	    00000000     00000000	   1	[       ]
138   	0     	     61	              ""	    149.9100	   1008.01	    5.0	    00000000     00000000	   1	[       ]
139   	0     	     61	              ""	    150.9200	   1009.99	    5.0	    00000000     00000000	   1	[       ]
140   	0     	     61	              ""	    151.9280	   1008.00	    5.0	    00000000     00000000	   1	[       ]
141   	0     	     62	              ""	    152.9360	   1008.01	    5.0	    00000000     00000000	   1	[       ]
142   	0     	     62	              ""	    153.9440	   1008.00	    5.0	    00000000     00000000	   1	[       ]
143   	0     	     62	              ""	    154.9540	   1009.99	    5.0	    00000000     00000000	   1	[       ]
144   	0     	     66	              ""	    155.9620	   1008.01	    5.0	    00000000     00000000	   1	[       ]
145   	0     	     66	              ""	    156.9700	   1008.00	    5.0	    00000000     00000000	   1	[       ]
146   	0     	     66	              ""	    157.9780	   1008.00	    5.0	    00000000     00000000	   1	[       ]
147   	0     	     72	              ""	    158.9860	   1008.00	    5.0	    00000000     00000000	   1	[       ]
148   	0     	     72	              ""	    159.9960	   1010.01	    5.0	    00000000     00000000	   1	[       ]
149   	0     	     72	              ""	    161.0040	   1008.00	    5.0	    00000000     00000000	   1	[       ]
150   	0     	     71	              ""	    162.0120	   1008.00	    5.0	    00000000     00000000	   1	[       ]
151   	0     	     71	              ""	    163.0200	   1008.01	    5.0	    00000000     00000000	   1	[       ]
152   	0     	     71	              ""	    164.0300	   1009.99	    5.0	    00000000     00000000	   1	[       ]
153   	0     	     75	              ""	    165.0380	   1008.00	    5.0	    00000000     00000000	   1	[       ]
154   	0     	     75	              ""	    166.0460	   1008.01	    5.0	    00000000     00000000	   1	[       ]
155   	0     	     75	              ""	    167.0540	   1008.00	    5.0	    00000000     00000000	   1	[       ]
156   	0     	     78	              ""	    168.0620	   1008.00	    5.0	    00000000     00000000	   1	[       ]
157   	0     	     78	              ""	    169.0720	   1010.01	    5.0	    00000000     00000000	   1	[       ]
158   	0     	     78	              ""	    170.0800	   1008.00	    5.0	    00000000     00000000	   1	[       ]
159   	0     	     73	              ""	    171.0880	   1008.00	    5.0	    00000000     00000000	   1	[       ]
160   	0     	     73	              ""	    172.0960	   1008.00	    5.0	    00000000     00000000	   1	[       ]
161   	0     	     73	              ""	    173.1040	   1008.01	    5.0	    00000000     00000000	   1	[       ]
162   	0     	     77	              ""	    174.1140	   1009.99	    5.0	    00000000     00000000	   1	[       ]
163   	0     	     77	              ""	    175.1220	   1008.00	    5.0	    00000000     00000000	   1	[       ]
164   	0     	     77	              ""	    176.1300	   1008.01	    5.0	    00000000     00000000	   1	[       ]
165   	0     	     76	              ""	    177.1380	   1008.00	    5.0	    00000000     00000000	   1	[       ]
166   	0     	     76	              ""	    178.1480	   1009.99	    5.0	    00000000     00000000	   1	[       ]
167   	0     	     76	              ""	    179.1560	   1008.01	    5.0	    00000000     00000000	   1	[       ]
168   	0     	     74	              ""	    180.1640	   1008.00	    5.0	    00000000     00000000	   1	[       ]
169   	0     	     74	              ""	    181.1720	   1008.00	    5.0	    00000000     00000000	   1	[       ]
170   	0     	     74	              ""	    182.1800	   1008.00	    5.0	    00000000     00000000	   1	[       ]
171   	0     	     83	              ""	    183.1900	   1010.01	    5.0	    00000000     00000000	   1	[       ]
172   	0     	     83	              ""	    184.1980	   1008.00	    5.0	    00000000     00000000	   1	[       ]
173   	0     	     83	              ""	    185.2060	   1008.00	    5.0	    00000000     00000000	   1	[       ]
174   	0     	     82	              ""	    186.2140	   1008.01	    5.0	    00000000     00000000	   1	[       ]
175   	0     	     82	              ""	    187.2220	   1008.00	    5.0	    00000000     00000000	   1	[       ]
176   	0     	     82	              ""	    188.2320	   1009.99	    5.0	    00000000     00000000	   1	[       ]
177   	0     	     88	              ""	    189.2400	   1008.01	    5.0	    00000000     00000000	   1	[       ]
178   	0     	     88	              ""	    190.2480	   1008.00	    5.0	    00000000     00000000	   1	[       ]
179   	0     	     88	              ""	    191.2560	   1008.00	    5.0	    00000000     00000000	   1	[       ]
180   	0     	     86	              ""	    192.2660	   1010.01	    5.0	    00000000     00000000	   1	[       ]
181   	0     	     86	              ""	    193.2740	   1008.00	    5.0	    00000000     00000000	   1	[       ]
182   	0     	     86	              ""	    194.2820	   1008.00	    5.0	    00000000     00000000	   1	[       ]
183   	0     	     85	              ""	    195.2900	   1008.00	    5.0	    00000000     00000000	   1	[       ]
184   	0     	     85	              ""	    196.2980	   1008.01	    5.0	    00000000     00000000	   1	[       ]
185   	0     	     85	              ""	    197.3080	   1009.99	    5.0	    00000000     00000000	   1	[       ]
186   	0     	     87	              ""	    198.3160	   1008.00	    5.0	    00000000     00000000	   1	[       ]
187   	0     	     87	              ""	    199.3240	   1008.01	    5.0	    00000000     00000000	   1	[       ]
188   	0     	     87	              ""	    200.3320	   1008.00	    5.0	    00000000     00000000	   1	[       ]
189   	0     	     81	              ""	    201.3420	   1009.99	    5.0	    00000000     00000000	   1	[       ]
190   	0     	     81	              ""	    202.3500	   1008.01	    5.0	    00000000     00000000	   1	[       ]
191   	0     	     81	              ""	    203.3580	   1008.00	    5.0	    00000000     00000000	   1	[       ]
192   	0     	     84	              ""	    204.3660	   1008.00	    5.0	    00000000     00000000	   1	[       ]
193   	0     	     84	              ""	    205.3740	   1008.00	    5.0	    00000000     00000000	   1	[       ]
194   	0     	     84	              ""	    206.3840	   1010.01	    5.0	    00000000     00000000	   1	[       ]
195   	0     	     97	              ""	    207.3920	   1008.00	    5.0	    00000000     00000000	   1	[       ]
196   	0     	     97	              ""	    208.4000	   1008.00	    5.0	    00000000     00000000	   1	[       ]
197   	0     	     97	              ""	    209.4080	   1008.01	    5.0	    00000000     00000000	   1	[       ]
198   	0     	     95	              ""	    210.4160	   1008.00	    5.0	    00000000     00000000	   1	[       ]
199   	0     	     95	              ""	    211.4260	   1009.99	    5.0	    00000000     00000000	   1	[       ]
200   	0     	     95	              ""	    212.4340	   1008.01	    5.0	    00000000     00000000	   1	[       ]
201   	0     	     98	              ""	    213.4420	   1008.00	    5.0	    00000000     00000000	   1	[       ]
202   	0     	     98	              ""	    214.4500	   1008.00	    5.0	    00000000     00000000	   1	[       ]
203   	0     	     98	              ""	    215.4600	   1010.01	    5.0	    00000000     00000000	   1	[       ]
204   	0     	     92	              ""	    216.4680	   1008.00	    5.0	    00000000     00000000	   1	[       ]
205   	0     	     92	              ""	    217.4760	   1008.00	    5.0	    00000000     00000000	   1	[       ]
206   	0     	     92	              ""	    218.4840	   1008.00	    5.0	    00000000     00000000	   1	[       ]
207   	0     	     94	              ""	    219.4920	   1008.01	    5.0	    00000000     00000000	   1	[       ]
208   	0     	     94	              ""	    220.5020	   1009.99	    5.0	    00000000     00000000	   1	[       ]
209   	0     	     94	              ""	    221.5100	   1008.00	    5.0	    00000000     00000000	   1	[       ]
210   	0     	     96	              ""	    222.5180	   1008.01	    5.0	    00000000     00000000	   1	[       ]
211   	0     	     96	              ""	    223.5260	   1008.00	    5.0	    00000000     00000000	   1	[       ]
212   	0     	     96	              ""	    224.5360	   1009.99	    5.0	    00000000     00000000	   1	[       ]
213   	0     	     91	              ""	    225.5440	   1008.01	    5.0	    00000000     00000000	   1	[       ]
214   	0     	     91	              ""	    226.5520	   1008.00	    5.0	    00000000     00000000	   1	[       ]
215   	0     	     91	              ""	    227.5600	   1008.00	    5.0	    00000000     00000000	   1	[       ]
216   	0     	     93	              ""	    228.5680	   1008.00	    5.0	    00000000     00000000	   1	[       ]
217   	0     	     93	              ""	    229.5780	   1010.01	    5.0	    00000000     00000000	   1	[       ]
218   	0     	     93	              ""	    230.5860	   1008.00	    5.0	    00000000     00000000	   1	[       ]
219   	0     	    107	              ""	    231.5940	   1008.00	    5.0	    00000000     00000000	   1	[       ]
220   	0     	    107	              ""	    232.6020	   1008.01	    5.0	    00000000     00000000	   1	[       ]
221   	0     	    107	              ""	    233.6100	   1008.00	    5.0	    00000000     00000000	   1	[       ]
222   	0     	    105	              ""	    234.6200	   1009.99	    5.0	    00000000     00000000	   1	[       ]
223   	0     	    105	              ""	    235.6280	   1008.01	    5.0	    00000000     00000000	   1	[       ]
224   	0     	    105	              ""	    236.6360	   1008.00	    5.0	    00000000     00000000	   1	[       ]
225   	0     	    108	              ""	    237.6440	   1008.00	    5.0	    00000000     00000000	   1	[       ]
226   	0     	    108	              ""	    238.6540	   1010.01	    5.0	    00000000     00000000	   1	[       ]
227   	0     	    108	              ""	    239.6620	   1008.00	    5.0	    00000000     00000000	   1	[       ]
228   	0     	    101	              ""	    240.6700	   1008.00	    5.0	    00000000     00000000	   1	[       ]
229   	0     	    101	              ""	    241.6780	   1008.00	    5.0	    00000000     00000000	   1	[       ]
230   	0     	    101	              ""	    242.6860	   1008.01	    5.0	    00000000     00000000	   1	[       ]
231   	0     	    104	              ""	    243.6960	   1009.99	    5.0	    00000000     00000000	   1	[       ]
232   	0     	    104	              ""	    244.7040	   1008.00	    5.0	    00000000     00000000	   1	[       ]
233   	0     	    104	              ""	    245.7120	   1008.01	    5.0	    00000000     00000000	   1	[       ]
234   	0     	    106	              ""	    246.7200	   1008.00	    5.0	    00000000     00000000	   1	[       ]
235   	0     	    106	              ""	    247.7280	   1008.00	    5.0	    00000000     00000000	   1	[       ]
236   	0     	    106	              ""	    248.7380	   1010.01	    5.0	    00000000     00000000	   1	[       ]
237   	0     	    102	              ""	    249.7460	   1008.00	    5.0	    00000000     00000000	   1	[       ]
238   	0     	    102	              ""	    250.7540	   1008.00	    5.0	    00000000     00000000	   1	[       ]
239   	0     	    102	              ""	    251.7620	   1008.00	    5.0	    00000000     00000000	   1	[       ]
240   	0     	    103	              ""	    252.7720	   1010.01	    5.0	    00000000     00000000	   1	[       ]
241   	0     	    103	              ""	    253.7800	   1008.00	    5.0	    00000000     00000000	   1	[       ]
242   	0     	    103	              ""	    254.7880	   1008.00	    5.0	    00000000     00000000	   1	[       ]
243   	0     	    111	              ""	    255.7960	   1008.01	    5.0	    00000000     00000000	   1	[       ]
244   	0     	    111	              ""	    256.8040	   1007.98	    5.0	    00000000     00000000	   1	[       ]
245   	0     	    111	              ""	    257.8140	   1010.01	    5.0	    00000000     00000000	   1	[       ]
246   	0     	    115	              ""	    258.8220	   1008.00	    5.0	    00000000     00000000	   1	[       ]
247   	0     	    115	              ""	    259.8300	   1008.00	    5.0	    00000000     00000000	   1	[       ]
248   	0     	    115	              ""	    260.8380	   1008.03	    5.0	    00000000     00000000	   1	[       ]
249   	0     	    118	              ""	    261.8480	   1009.98	    5.0	    00000000     00000000	   1	[       ]
250   	0     	    118	              ""	    262.8560	   1008.00	    5.0	    00000000     00000000	   1	[       ]
251   	0     	    118	              ""	    263.8640	   1008.03	    5.0	    00000000     00000000	   1	[       ]
252   	0     	    114	              ""	    264.8720	   1008.00	    5.0	    00000000     00000000	   1	[       ]
253   	0     	    114	              ""	    265.8800	   1008.00	    5.0	    00000000     00000000	   1	[       ]
254   	0     	    114	              ""	    266.8900	   1010.01	    5.0	    00000000     00000000	   1	[       ]
255   	0     	    112	              ""	    267.8980	   1008.00	    5.0	    00000000     00000000	   1	[       ]
256   	0     	    112	              ""	    268.9060	   1008.00	    5.0	    00000000     00000000	   1	[       ]
257   	0     	    112	              ""	    269.9140	   1008.00	    5.0	    00000000     00000000	   1	[       ]
258   	0     	    117	              ""	    270.9220	   1008.00	    5.0	    00000000     00000000	   1	[       ]
259   	0     	    117	              ""	    271.9320	   1010.01	    5.0	    00000000     00000000	   1	[       ]
260   	0     	    117	              ""	    272.9400	   1008.00	    5.0	    00000000     00000000	   1	[       ]
261   	0     	    116	              ""	    273.9480	   1008.00	    5.0	    00000000     00000000	   1	[       ]
262   	0     	    116	              ""	    274.9560	   1008.00	    5.0	    00000000     00000000	   1	[       ]
263   	0     	    116	              ""	    275.9660	   1010.01	    5.0	    00000000     00000000	   1	[       ]
264   	0     	    113	              ""	    276.9740	   1008.00	    5.0	    00000000     00000000	   1	[       ]
265   	0     	    113	              ""	    277.9820	   1008.00	    5.0	    00000000     00000000	   1	[       ]
266   	0     	    113	              ""	    278.9900	   1008.00	    5.0	    00000000     00000000	   1	[       ]
267   	0     	    128	              ""	    279.9980	   1008.00	    5.0	    00000000     00000000	   1	[       ]
268   	0     	    128	              ""	    281.0080	   1010.01	    5.0	    00000000     00000000	   1	[       ]
269   	0     	    128	              ""	    282.0160	   1008.00	    5.0	    00000000     00000000	   1	[       ]
270   	0     	    125	              ""	    283.0240	   1008.00	    5.0	    00000000     00000000	   1	[       ]
271   	0     	    125	              ""	    284.0320	   1008.03	    5.0	    00000000     00000000	   1	[       ]
272   	0     	    125	              ""	    285.0400	   1008.00	    5.0	    00000000     00000000	   1	[       ]
273   	0     	    121	              ""	    286.0500	   1009.98	    5.0	    00000000     00000000	   1	[       ]
274   	0     	    121	              ""	    287.0580	   1008.03	    5.0	    00000000     00000000	   1	[       ]
275   	0     	    121	              ""	    288.0660	   1008.00	    5.0	    00000000     00000000	   1	[       ]
276   	0     	    127	              ""	    289.0740	   1008.00	    5.0	    00000000     00000000	   1	[       ]
277   	0     	    127	              ""	    290.0840	   1010.01	    5.0	    00000000     00000000	   1	[       ]
278   	0     	    127	              ""	    291.0920	   1008.00	    5.0	    00000000     00000000	   1	[       ]
279   	0     	    126	              ""	    292.1000	   1008.00	    5.0	    00000000     00000000	   1	[       ]
280   	0     	    126	              ""	    293.1080	   1008.00	    5.0	    00000000     00000000	   1	[       ]
281   	0     	    126	              ""	    294.1160	   1008.00	    5.0	    00000000     00000000	   1	[       ]
282   	0     	    124	              ""	    295.1260	   1010.01	    5.0	    00000000     00000000	   1	[       ]
283   	0     	    124	              ""	    296.1340	   1008.00	    5.0	    00000000     00000000	   1	[       ]
284   	0     	    124	              ""	    297.1420	   1008.00	    5.0	    00000000     00000000	   1	[       ]
285   	0     	    123	              ""	    298.1500	   1008.00	    5.0	    00000000     00000000	   1	[       ]
286   	0     	    123	              ""	    299.1600	   1010.01	    5.0	    00000000     00000000	   1	[       ]
287   	0     	    123	              ""	    300.1680	   1008.00	    5.0	    00000000     00000000	   1	[       ]
288   	0     	    122	              ""	    301.1760	   1008.00	    5.0	    00000000     00000000	   1	[       ]
289   	0     	    122	              ""	    302.1840	   1008.00	    5.0	    00000000     00000000	   1	[       ]
290   	0     	    122	              ""	    303.1920	   1008.00	    5.0	    00000000     00000000	   1	[       ]
291   	0     	    134	              ""	    304.2020	   1010.01	    5.0	    00000000     00000000	   1	[       ]
292   	0     	    134	              ""	    305.2100	   1008.00	    5.0	    00000000     00000000	   1	[       ]
293   	0     	    134	              ""	    306.2180	   1008.00	    5.0	    00000000     00000000	   1	[       ]
294   	0     	    137	              ""	    307.2260	   1008.03	    5.0	    00000000     00000000	   1	[       ]
295   	0     	    137	              ""	    308.2340	   1008.00	    5.0	    00000000     00000000	   1	[       ]
296   	0     	    137	              ""	    309.2440	   1009.98	    5.0	    00000000     00000000	   1	[       ]
297   	0     	    136	              ""	    310.2520	   1008.03	    5.0	    00000000     00000000	   1	[       ]
298   	0     	    136	              ""	    311.2600	   1008.00	    5.0	    00000000     00000000	   1	[       ]
299   	0     	    136	              ""	    312.2680	   1008.00	    5.0	    00000000     00000000	   1	[       ]
300   	0     	    132	              ""	    313.2780	   1010.01	    5.0	    00000000     00000000	   1	[       ]
301   	0     	    132	              ""	    314.2860	   1008.00	    5.0	    00000000     00000000	   1	[       ]
302   	0     	    132	              ""	    315.2940	   1008.00	    5.0	    00000000     00000000	   1	[       ]
303   	0     	    135	              ""	    316.3020	   1008.00	    5.0	    00000000     00000000	   1	[       ]
304   	0     	    135	              ""	    317.3100	   1008.00	    5.0	    00000000     00000000	   1	[       ]
305   	0     	    135	              ""	    318.3200	   1010.01	    5.0	    00000000     00000000	   1	[       ]
306   	0     	    131	              ""	    319.3280	   1008.00	    5.0	    00000000     00000000	   1	[       ]
307   	0     	    131	              ""	    320.3360	   1008.00	    5.0	    00000000     00000000	   1	[       ]
308   	0     	    131	              ""	    321.3440	   1008.00	    5.0	    00000000     00000000	   1	[       ]
309   	0     	    133	              ""	    322.3540	   1010.01	    5.0	    00000000     00000000	   1	[       ]
310   	0     	    133	              ""	    323.3620	   1008.00	    5.0	    00000000     00000000	   1	[       ]
311   	0     	    133	              ""	    324.3700	   1008.00	    5.0	    00000000     00000000	   1	[       ]
312   	0     	    138	              ""	    325.3780	   1008.00	    5.0	    00000000     00000000	   1	[       ]
313   	0     	    138	              ""	    326.3860	   1008.00	    5.0	    00000000     00000000	   1	[       ]
314   	0     	    138	              ""	    327.3960	   1010.01	    5.0	    00000000     00000000	   1	[       ]
315   	0     	    145	              ""	    328.4040	   1008.00	    5.0	    00000000     00000000	   1	[       ]
316   	0     	    145	              ""	    329.4120	   1008.00	    5.0	    00000000     00000000	   1	[       ]
317   	0     	    145	              ""	    330.4200	   1008.03	    5.0	    00000000     00000000	   1	[       ]
318   	0     	    143	              ""	    331.4280	   1008.00	    5.0	    00000000     00000000	   1	[       ]
319   	0     	    143	              ""	    332.4380	   1009.98	    5.0	    00000000     00000000	   1	[       ]
320   	0     	    143	              ""	    333.4460	   1008.03	    5.0	    00000000     00000000	   1	[       ]
321   	0     	    146	              ""	    334.4540	   1008.00	    5.0	    00000000     00000000	   1	[       ]
322   	0     	    146	              ""	    335.4620	   1008.00	    5.0	    00000000     00000000	   1	[       ]
323   	0     	    146	              ""	    336.4720	   1009.98	    5.0	    00000000     00000000	   1	[       ]
324   	0     	    148	              ""	    337.4800	   1008.03	    5.0	    00000000     00000000	   1	[       ]
325   	0     	    148	              ""	    338.4880	   1008.00	    5.0	    00000000     00000000	   1	[       ]
326   	0     	    148	              ""	    339.4960	   1008.00	    5.0	    00000000     00000000	   1	[       ]
327   	0     	    144	              ""	    340.5040	   1008.00	    5.0	    00000000     00000000	   1	[       ]
328   	0     	    144	              ""	    341.5140	   1010.01	    5.0	    00000000     00000000	   1	[       ]
329   	0     	    144	              ""	    342.5220	   1008.00	    5.0	    00000000     00000000	   1	[       ]
330   	0     	    141	              ""	    343.5300	   1008.00	    5.0	    00000000     00000000	   1	[       ]
331   	0     	    141	              ""	    344.5380	   1008.00	    5.0	    00000000     00000000	   1	[       ]
332   	0     	    141	              ""	    345.5460	   1008.00	    5.0	    00000000     00000000	   1	[       ]
333   	0     	    147	              ""	    346.5560	   1010.01	    5.0	    00000000     00000000	   1	[       ]
334   	0     	    147	              ""	    347.5640	   1008.00	    5.0	    00000000     00000000	   1	[       ]
335   	0     	    147	              ""	    348.5720	   1008.00	    5.0	    00000000     00000000	   1	[       ]
336   	0     	    142	              ""	    349.5800	   1008.00	    5.0	    00000000     00000000	   1	[       ]
337   	0     	    142	              ""	    350.5900	   1010.01	    5.0	    00000000     00000000	   1	[       ]
338   	0     	    142	              ""	    351.5980	   1008.00	    5.0	    00000000     00000000	   1	[       ]
339   	0     	    158	              ""	    352.6060	   1008.00	    5.0	    00000000     00000000	   1	[       ]
340   	0     	    158	              ""	    353.6140	   1008.03	    5.0	    00000000     00000000	   1	[       ]
341   	0     	    158	              ""	    354.6220	   1008.00	    5.0	    00000000     00000000	   1	[       ]
342   	0     	    156	              ""	    355.6320	   1009.98	    5.0	    00000000     00000000	   1	[       ]
343   	0     	    156	              ""	    356.6400	   1008.03	    5.0	    00000000     00000000	   1	[       ]
344   	0     	    156	              ""	    357.6480	   1008.00	    5.0	    00000000     00000000	   1	[       ]
345   	0     	    151	              ""	    358.6560	   1008.00	    5.0	    00000000     00000000	   1	[       ]
346   	0     	    151	              ""	    359.6660	   1009.98	    5.0	    00000000     00000000	   1	[       ]
347   	0     	    151	              ""	    360.6740	   1008.03	    5.0	    00000000     00000000	   1	[       ]
348   	0     	    157	              ""	    361.6820	   1008.00	    5.0	    00000000     00000000	   1	[       ]
349   	0     	    157	              ""	    362.6900	   1008.00	    5.0	    00000000     00000000	   1	[       ]
350   	0     	    157	              ""	    363.6980	   1008.00	    5.0	    00000000     00000000	   1	[       ]
351   	0     	    155	              ""	    364.7080	   1010.01	    5.0	    00000000     00000000	   1	[       ]
352   	0     	    155	              ""	    365.7160	   1008.00	    5.0	    00000000     00000000	   1	[       ]
353   	0     	    155	              ""	    366.7240	   1008.00	    5.0	    00000000     00000000	   1	[       ]
354   	0     	    153	              ""	    367.7320	   1008.00	    5.0	    00000000     00000000	   1	[       ]
355   	0     	    153	              ""	    368.7400	   1008.00	    5.0	    00000000     00000000	   1	[       ]
356   	0     	    153	              ""	    369.7500	   1010.01	    5.0	    00000000     00000000	   1	[       ]
357   	0     	    154	              ""	    370.7580	   1008.00	    5.0	    00000000     00000000	   1	[       ]
358   	0     	    154	              ""	    371.7660	   1008.00	    5.0	    00000000     00000000	   1	[       ]
359   	0     	    154	              ""	    372.7740	   1008.00	    5.0	    00000000     00000000	   1	[       ]
360   	0     	    152	              ""	    373.7840	   1010.01	    5.0	    00000000     00000000	   1	[       ]
361   	0     	    152	              ""	    374.7920	   1008.00	    5.0	    00000000     00000000	   1	[       ]
362   	0     	    152	              ""	    375.8000	   1008.00	    5.0	    00000000     00000000	   1	[       ]
363   	0     	    163	              ""	    376.8080	   1008.03	    5.0	    00000000     00000000	   1	[       ]
364   	0     	    163	              ""	    377.8160	   1008.00	    5.0	    00000000     00000000	   1	[       ]
365   	0     	    163	              ""	    378.8260	   1009.98	    5.0	    00000000     00000000	   1	[       ]
366   	0     	    161	              ""	    379.8340	   1008.03	    5.0	    00000000     00000000	   1	[       ]
367   	0     	    161	              ""	    380.8420	   1008.00	    5.0	    00000000     00000000	   1	[       ]
368   	0     	    161	              ""	    381.8500	   1008.00	    5.0	    00000000     00000000	   1	[       ]
369   	0     	    167	              ""	    382.8580	   1008.00	    5.0	    00000000     00000000	   1	[       ]
370   	0     	    167	              ""	    383.8680	   1010.01	    5.0	    00000000     00000000	   1	[       ]
371   	0     	    167	              ""	    384.8760	   1008.00	    5.0	    00000000     00000000	   1	[       ]
372   	0     	    166	              ""	    385.8840	   1008.00	    5.0	    00000000     00000000	   1	[       ]
373   	0     	    166	              ""	    386.8920	   1008.00	    5.0	    00000000     00000000	   1	[       ]
374   	0     	    166	              ""	    387.9020	   1010.01	    5.0	    00000000     00000000	   1	[       ]
375   	0     	    162	              ""	    388.9100	   1008.00	    5.0	    00000000     00000000	   1	[       ]
376   	0     	    162	              ""	    389.9180	   1008.00	    5.0	    00000000     00000000	   1	[       ]
377   	0     	    162	              ""	    390.9260	   1008.00	    5.0	    00000000     00000000	   1	[       ]
378   	0     	    165	              ""	    391.9340	   1008.00	    5.0	    00000000     00000000	   1	[       ]
379   	0     	    165	              ""	    392.9440	   1010.01	    5.0	    00000000     00000000	   1	[       ]
380   	0     	    165	              ""	    393.9520	   1008.00	    5.0	    00000000     00000000	   1	[       ]
381   	0     	    164	              ""	    394.9600	   1008.00	    5.0	    00000000     00000000	   1	[       ]
382   	0     	    164	              ""	    395.9680	   1008.00	    5.0	    00000000     00000000	   1	[       ]
383   	0     	    164	              ""	    396.9780	   1010.01	    5.0	    00000000     00000000	   1	[       ]
384   	0     	    168	              ""	    397.9860	   1008.00	    5.0	    00000000     00000000	   1	[       ]
385   	0     	    168	              ""	    398.9940	   1008.00	    5.0	    00000000     00000000	   1	[       ]
386   	0     	    168	              ""	    400.0020	   1008.03	    5.0	    00000000     00000000	   1	[       ]
387   	0     	    176	              ""	    401.0100	   1008.00	    5.0	    00000000     00000000	   1	[       ]
388   	0     	    176	              ""	    402.0200	   1009.98	    5.0	    00000000     00000000	   1	[       ]
389   	0     	    176	              ""	    403.0280	   1008.03	    5.0	    00000000     00000000	   1	[       ]
390   	0     	    175	              ""	    404.0360	   1008.00	    5.0	    00000000     00000000	   1	[       ]
391   	0     	    175	              ""	    405.0440	   1008.00	    5.0	    00000000     00000000	   1	[       ]
392   	0     	    175	              ""	    406.0520	   1008.00	    5.0	    00000000     00000000	   1	[       ]
393   	0     	    173	              ""	    407.0620	   1010.01	    5.0	    00000000     00000000	   1	[       ]
394   	0     	    173	              ""	    408.0700	   1008.00	    5.0	    00000000     00000000	   1	[       ]
395   	0     	    173	              ""	    409.0780	   1008.00	    5.0	    00000000     00000000	   1	[       ]
396   	0     	    172	              ""	    410.0860	   1008.00	    5.0	    00000000     00000000	   1	[       ]
397   	0     	    172	              ""	    411.0960	   1010.01	    5.0	    00000000     00000000	   1	[       ]
398   	0     	    172	              ""	    412.1040	   1008.00	    5.0	    00000000     00000000	   1	[       ]
399   	0     	    177	              ""	    413.1120	   1008.00	    5.0	    00000000     00000000	   1	[       ]
400   	0     	    177	              ""	    414.1200	   1008.00	    5.0	    00000000     00000000	   1	[       ]
401   	0     	    177	              ""	    415.1280	   1008.00	    5.0	    00000000     00000000	   1	[       ]
402   	0     	    178	              ""	    416.1380	   1010.01	    5.0	    00000000     00000000	   1	[       ]
403   	0     	    178	              ""	    417.1460	   1008.00	    5.0	    00000000     00000000	   1	[       ]
404   	0     	    178	              ""	    418.1540	   1008.00	    5.0	    00000000     00000000	   1	[       ]
405   	0     	    171	              ""	    419.1620	   1008.00	    5.0	    00000000     00000000	   1	[       ]
406   	0     	    171	              ""	    420.1700	   1008.03	    5.0	    00000000     00000000	   1	[       ]
407   	0     	    171	              ""	    421.1800	   1009.98	    5.0	    00000000     00000000	   1	[       ]
408   	0     	    174	              ""	    422.1880	   1008.00	    5.0	    00000000     00000000	   1	[       ]
409   	0     	    174	              ""	    423.1960	   1008.03	    5.0	    00000000     00000000	   1	[       ]
410   	0     	    174	              ""	    424.2040	   1008.00	    5.0	    00000000     00000000	   1	[       ]
411   	0     	    182	              ""	    425.2140	   1009.98	    5.0	    00000000     00000000	   1	[       ]
412   	0     	    182	              ""	    426.2220	   1008.00	    5.0	    00000000     00000000	   1	[       ]
413   	0     	    182	              ""	    427.2300	   1008.03	    5.0	    00000000     00000000	   1	[       ]
414   	0     	    181	              ""	    428.2380	   1008.00	    5.0	    00000000     00000000	   1	[       ]
415   	0     	    181	              ""	    429.2460	   1008.00	    5.0	    00000000     00000000	   1	[       ]
416   	0     	    181	              ""	    430.2560	   1010.01	    5.0	    00000000     00000000	   1	[       ]
417   	0     	    186	              ""	    431.2640	   1008.00	    5.0	    00000000     00000000	   1	[       ]
418   	0     	    186	              ""	    432.2720	   1008.00	    5.0	    00000000     00000000	   1	[       ]
419   	0     	    186	              ""	    433.2800	   1008.00	    5.0	    00000000     00000000	   1	[       ]
420   	0     	    188	              ""	    434.2900	   1010.01	    5.0	    00000000     00000000	   1	[       ]
421   	0     	    188	              ""	    435.2980	   1008.00	    5.0	    00000000     00000000	   1	[       ]
422   	0     	    188	              ""	    436.3060	   1008.00	    5.0	    00000000     00000000	   1	[       ]
423   	0     	    184	              ""	    437.3140	   1008.00	    5.0	    00000000     00000000	   1	[       ]
424   	0     	    184	              ""	    438.3220	   1008.00	    5.0	    00000000     00000000	   1	[       ]
425   	0     	    184	              ""	    439.3320	   1010.01	    5.0	    00000000     00000000	   1	[       ]
426   	0     	    187	              ""	    440.3400	   1008.00	    5.0	    00000000     00000000	   1	[       ]
427   	0     	    187	              ""	    441.3480	   1008.00	    5.0	    00000000     00000000	   1	[       ]
428   	0     	    187	              ""	    442.3560	   1008.00	    5.0	    00000000     00000000	   1	[       ]
429   	0     	    185	              ""	    443.3640	   1008.03	    5.0	    00000000     00000000	   1	[       ]
430   	0     	    185	              ""	    444.3740	   1009.98	    5.0	    00000000     00000000	   1	[       ]
431   	0     	    185	              ""	    445.3820	   1008.00	    5.0	    00000000     00000000	   1	[       ]
432   	0     	    183	              ""	    446.3900	   1008.03	    5.0	    00000000     00000000	   1	[       ]
433   	0     	    183	              ""	    447.3980	   1008.00	    5.0	    00000000     00000000	   1	[       ]
434   	0     	    183	              ""	    448.4080	   1009.98	    5.0	    00000000     00000000	   1	[       ]
435   	0     	    192	              ""	    449.4160	   1008.00	    5.0	    00000000     00000000	   1	[       ]
436   	0     	    192	              ""	    450.4240	   1008.03	    5.0	    00000000     00000000	   1	[       ]
437   	0     	    192	              ""	    451.4320	   1008.00	    5.0	    00000000     00000000	   1	[       ]
438   	0     	    196	              ""	    452.4400	   1008.00	    5.0	    00000000     00000000	   1	[       ]
439   	0     	    196	              ""	    453.4500	   1010.01	    5.0	    00000000     00000000	   1	[       ]
440   	0     	    196	              ""	    454.4580	   1008.00	    5.0	    00000000     00000000	   1	[       ]
441   	0     	    193	              ""	    455.4660	   1008.00	    5.0	    00000000     00000000	   1	[       ]
442   	0     	    193	              ""	    456.4740	   1008.00	    5.0	    00000000     00000000	   1	[       ]
443   	0     	    193	              ""	    457.4820	   1008.00	    5.0	    00000000     00000000	   1	[       ]
444   	0     	    191	              ""	    458.4920	   1010.01	    5.0	    00000000     00000000	   1	[       ]
445   	0     	    191	              ""	    459.5000	   1008.00	    5.0	    00000000     00000000	   1	[       ]
446   	0     	    191	              ""	    460.5080	   1008.00	    5.0	    00000000     00000000	   1	[       ]
447   	0     	    195	              ""	    461.5160	   1008.00	    5.0	    00000000     00000000	   1	[       ]
448   	0     	    195	              ""	    462.5260	   1010.01	    5.0	    00000000     00000000	   1	[       ]
449   	0     	    195	              ""	    463.5340	   1008.00	    5.0	    00000000     00000000	   1	[       ]
450   	0     	    197	              ""	    464.5420	   1008.00	    5.0	    00000000     00000000	   1	[       ]
451   	0     	    197	              ""	    465.5500	   1008.00	    5.0	    00000000     00000000	   1	[       ]
452   	0     	    197	              ""	    466.5580	   1008.03	    5.0	    00000000     00000000	   1	[       ]
453   	0     	    194	              ""	    467.5680	   1009.98	    5.0	    00000000     00000000	   1	[       ]
454   	0     	    194	              ""	    468.5760	   1008.00	    5.0	    00000000     00000000	   1	[       ]
455   	0     	    194	              ""	    469.5840	   1008.03	    5.0	    00000000     00000000	   1	[       ]
456   	0     	    198	              ""	    470.5920	   1008.00	    5.0	    00000000     00000000	   1	[       ]
457   	0     	    198	              ""	    471.6020	   1009.98	    5.0	    00000000     00000000	   1	[       ]
458   	0     	    198	              ""	    472.6100	   1008.00	    5.0	    00000000     00000000	   1	[       ]
459   	0     	    204	              ""	    473.6180	   1008.03	    5.0	    00000000     00000000	   1	[       ]
460   	0     	    204	              ""	    474.6260	   1008.00	    5.0	    00000000     00000000	   1	[       ]
461   	0     	    204	              ""	    475.6340	   1008.00	    5.0	    00000000     00000000	   1	[       ]
462   	0     	    207	              ""	    476.6440	   1010.01	    5.0	    00000000     00000000	   1	[       ]
463   	0     	    207	              ""	    477.6520	   1008.00	    5.0	    00000000     00000000	   1	[       ]
464   	0     	    207	              ""	    478.6600	   1008.00	    5.0	    00000000     00000000	   1	[       ]
465   	0     	    206	              ""	    479.6680	   1008.00	    5.0	    00000000     00000000	   1	[       ]
466   	0     	    206	              ""	    480.6760	   1008.00	    5.0	    00000000     00000000	   1	[       ]
467   	0     	    206	              ""	    481.6860	   1010.01	    5.0	    00000000     00000000	   1	[       ]
468   	0     	    201	              ""	    482.6940	   1008.00	    5.0	    00000000     00000000	   1	[       ]
469   	0     	    201	              ""	    483.7020	   1008.00	    5.0	    00000000     00000000	   1	[       ]
470   	0     	    201	              ""	    484.7100	   1008.00	    5.0	    00000000     00000000	   1	[       ]
471   	0     	    208	              ""	    485.7200	   1010.01	    5.0	    00000000     00000000	   1	[       ]
472   	0     	    208	              ""	    486.7280	   1008.00	    5.0	    00000000     00000000	   1	[       ]
473   	0     	    208	              ""	    487.7360	   1008.00	    5.0	    00000000     00000000	   1	[       ]
474   	0     	    203	              ""	    488.7440	   1008.00	    5.0	    00000000     00000000	   1	[       ]
475   	0     	    203	              ""	    489.7520	   1008.03	    5.0	    00000000     00000000	   1	[       ]
476   	0     	    203	              ""	    490.7620	   1009.98	    5.0	    00000000     00000000	   1	[       ]
477   	0     	    205	              ""	    491.7700	   1008.00	    5.0	    00000000     00000000	   1	[       ]
478   	0     	    205	              ""	    492.7780	   1008.03	    5.0	    00000000     00000000	   1	[       ]
479   	0     	    205	              ""	    493.7860	   1008.00	    5.0	    00000000     00000000	   1	[       ]
480   	0     	    202	              ""	    494.7940	   1008.00	    5.0	    00000000     00000000	   1	[       ]
481   	0     	    202	              ""	    495.8040	   1009.98	    5.0	    00000000     00000000	   1	[       ]
482   	0     	    202	              ""	    496.8120	   1008.03	    5.0	    00000000     00000000	   1	[       ]
483   	0     	    214	              ""	    497.8200	   1008.00	    5.0	    00000000     00000000	   1	[       ]
484   	0     	    214	              ""	    498.8280	   1008.00	    5.0	    00000000     00000000	   1	[       ]
485   	0     	    214	              ""	    499.8380	   1010.01	    5.0	    00000000     00000000	   1	[       ]
486   	0     	    217	              ""	    500.8460	   1008.00	    5.0	    00000000     00000000	   1	[       ]
487   	0     	    217	              ""	    501.8540	   1008.00	    5.0	    00000000     00000000	   1	[       ]
488   	0     	    217	              ""	    502.8620	   1008.00	    5.0	    00000000     00000000	   1	[       ]
489   	0     	    218	              ""	    503.8700	   1008.00	    5.0	    00000000     00000000	   1	[       ]
490   	0     	    218	              ""	    504.8800	   1010.01	    5.0	    00000000     00000000	   1	[       ]
491   	0     	    218	              ""	    505.8880	   1008.00	    5.0	    00000000     00000000	   1	[       ]
492   	0     	    213	              ""	    506.8960	   1008.00	    5.0	    00000000     00000000	   1	[       ]
493   	0     	    213	              ""	    507.9040	   1008.00	    5.0	    00000000     00000000	   1	[       ]
494   	0     	    213	              ""	    508.9140	   1010.01	    5.0	    00000000     00000000	   1	[       ]
495   	0     	    215	              ""	    509.9220	   1008.00	    5.0	    00000000     00000000	   1	[       ]
496   	0     	    215	              ""	    510.9300	   1008.00	    5.0	    00000000     00000000	   1	[       ]
497   	0     	    215	              ""	    511.9380	   1008.00	    5.0	    00000000     00000000	   1	[       ]
498   	0     	    212	              ""	    512.9460	   1008.00	    5.0	    00000000     00000000	   1	[       ]
499   	0     	    212	              ""	    513.9560	   1010.01	    5.0	    00000000     00000000	   1	[       ]
500   	0     	    212	              ""	    514.9640	   1008.00	    5.0	    00000000     00000000	   1	[       ]
501   	0     	    216	              ""	    515.9720	   1008.00	    5.0	    00000000     00000000	   1	[       ]
502   	0     	    216	              ""	    516.9800	   1008.00	    5.0	    00000000     00000000	   1	[       ]
503   	0     	    216	              ""	    517.9880	   1008.00	    5.0	    00000000     00000000	   1	[       ]
504   	0     	    211	              ""	    518.9980	   1010.01	    5.0	    00000000     00000000	   1	[       ]
505   	0     	    211	              ""	    520.0060	   1008.00	    5.0	    00000000     00000000	   1	[       ]
506   	0     	    211	              ""	    521.0140	   1008.00	    5.0	    00000000     00000000	   1	[       ]
507   	0     	    222	              ""	    522.0220	   1008.00	    5.0	    00000000     00000000	   1	[       ]
508   	0     	    222	              ""	    523.0320	   1010.01	    5.0	    00000000     00000000	   1	[       ]
509   	0     	    222	              ""	    524.0400	   1008.00	    5.0	    00000000     00000000	   1	[       ]
510   	0     	    223	              ""	    525.0480	   1008.00	    5.0	    00000000     00000000	   1	[       ]
511   	0     	    223	              ""	    526.0560	   1008.06	    5.0	    00000000     00000000	   1	[       ]
512   	0     	    223	              ""	    527.0640	   1008.00	    5.0	    00000000     00000000	   1	[       ]
513   	0     	    227	              ""	    528.0740	   1009.95	    5.0	    00000000     00000000	   1	[       ]
514   	0     	    227	              ""	    529.0820	   1008.00	    5.0	    00000000     00000000	   1	[       ]
515   	0     	    227	              ""	    530.0900	   1008.06	    5.0	    00000000     00000000	   1	[       ]
516   	0     	    221	              ""	    531.0980	   1008.00	    5.0	    00000000     00000000	   1	[       ]
517   	0     	    221	              ""	    532.1080	   1009.95	    5.0	    00000000     00000000	   1	[       ]
518   	0     	    221	              ""	    533.1160	   1008.06	    5.0	    00000000     00000000	   1	[       ]
519   	0     	    228	              ""	    534.1240	   1008.00	    5.0	    00000000     00000000	   1	[       ]
520   	0     	    228	              ""	    535.1320	   1008.00	    5.0	    00000000     00000000	   1	[       ]
521   	0     	    228	              ""	    536.1400	   1008.00	    5.0	    00000000     00000000	   1	[       ]
522   	0     	    224	              ""	    537.1500	   1010.01	    5.0	    00000000     00000000	   1	[       ]
523   	0     	    224	              ""	    538.1580	   1008.00	    5.0	    00000000     00000000	   1	[       ]
524   	0     	    224	              ""	    539.1660	   1008.00	    5.0	    00000000     00000000	   1	[       ]
525   	0     	    226	              ""	    540.1740	   1008.00	    5.0	    00000000     00000000	   1	[       ]
526   	0     	    226	              ""	    541.1820	   1008.00	    5.0	    00000000     00000000	   1	[       ]
527   	0     	    226	              ""	    542.1920	   1010.01	    5.0	    00000000     00000000	   1	[       ]
528   	0     	    225	              ""	    543.2000	   1008.00	    5.0	    00000000     00000000	   1	[       ]
529   	0     	    225	              ""	    544.2080	   1008.00	    5.0	    00000000     00000000	   1	[       ]
530   	0     	    225	              ""	    545.2160	   1008.00	    5.0	    00000000     00000000	   1	[       ]
531   	0     	    234	              ""	    546.2260	   1010.01	    5.0	    00000000     00000000	   1	[       ]
532   	0     	    234	              ""	    547.2340	   1008.00	    5.0	    00000000     00000000	   1	[       ]
533   	0     	    234	              ""	    548.2420	   1008.00	    5.0	    00000000     00000000	   1	[       ]
534   	0     	    236	              ""	    549.2500	   1008.00	    5.0	    00000000     00000000	   1	[       ]
535   	0     	    236	              ""	    550.2580	   1008.00	    5.0	    00000000     00000000	   1	[       ]
536   	0     	    236	              ""	    551.2680	   1010.01	    5.0	    00000000     00000000	   1	[       ]
537   	0     	    238	              ""	    552.2760	   1008.00	    5.0	    00000000     00000000	   1	[       ]
538   	0     	    238	              ""	    553.2840	   1008.00	    5.0	    00000000     00000000	   1	[       ]
539   	0     	    238	              ""	    554.2920	   1008.00	    5.0	    00000000     00000000	   1	[       ]
540   	0     	    235	              ""	    555.3000	   1008.00	    5.0	    00000000     00000000	   1	[       ]
541   	0     	    235	              ""	    556.3100	   1010.01	    5.0	    00000000     00000000	   1	[       ]
542   	0     	    235	              ""	    557.3180	   1008.00	    5.0	    00000000     00000000	   1	[       ]
543   	0     	    233	              ""	    558.3260	   1008.00	    5.0	    00000000     00000000	   1	[       ]
544   	0     	    233	              ""	    559.3340	   1008.00	    5.0	    00000000     00000000	   1	[       ]
545   	0     	    233	              ""	    560.3440	   1010.01	    5.0	    00000000     00000000	   1	[       ]
546   	0     	    237	              ""	    561.3520	   1008.00	    5.0	    00000000     00000000	   1	[       ]
547   	0     	    237	              ""	    562.3600	   1008.00	    5.0	    00000000     00000000	   1	[       ]
548   	0     	    237	              ""	    563.3680	   1008.00	    5.0	    00000000     00000000	   1	[       ]
549   	0     	    232	              ""	    564.3760	   1008.00	    5.0	    00000000     00000000	   1	[       ]
550   	0     	    232	              ""	    565.3860	   1010.01	    5.0	    00000000     00000000	   1	[       ]
551   	0     	    232	              ""	    566.3940	   1008.00	    5.0	    00000000     00000000	   1	[       ]
552   	0     	    231	              ""	    567.4020	   1008.00	    5.0	    00000000     00000000	   1	[       ]
553   	0     	    231	              ""	    568.4100	   1008.00	    5.0	    00000000     00000000	   1	[       ]
554   	0     	    231	              ""	    569.4200	   1010.01	    5.0	    00000000     00000000	   1	[       ]
555   	0     	    245	              ""	    570.4280	   1008.00	    5.0	    00000000     00000000	   1	[       ]
556   	0     	    245	              ""	    571.4360	   1008.00	    5.0	    00000000     00000000	   1	[       ]
557   	0     	    245	              ""	    572.4440	   1008.00	    5.0	    00000000     00000000	   1	[       ]
558   	0     	    242	              ""	    573.4520	   1008.06	    5.0	    00000000     00000000	   1	[       ]
559   	0     	    242	              ""	    574.4620	   1009.95	    5.0	    00000000     00000000	   1	[       ]
560   	0     	    242	              ""	    575.4700	   1008.00	    5.0	    00000000     00000000	   1	[       ]
561   	0     	    244	              ""	    576.4780	   1008.06	    5.0	    00000000     00000000	   1	[       ]
562   	0     	    244	              ""	    577.4860	   1008.00	    5.0	    00000000     00000000	   1	[       ]
563   	0     	    244	              ""	    578.4940	   1008.00	    5.0	    00000000     00000000	   1	[       ]
564   	0     	    241	              ""	    579.5040	   1010.01	    5.0	    00000000     00000000	   1	[       ]
565   	0     	    241	              ""	    580.5120	   1008.00	    5.0	    00000000     00000000	   1	[       ]
566   	0     	    241	              ""	    581.5200	   1008.00	    5.0	    00000000     00000000	   1	[       ]
567   	0     	    246	              ""	    582.5280	   1008.00	    5.0	    00000000     00000000	   1	[       ]
568   	0     	    246	              ""	    583.5380	   1010.01	    5.0	    00000000     00000000	   1	[       ]
569   	0     	    246	              ""	    584.5460	   1008.00	    5.0	    00000000     00000000	   1	[       ]
570   	0     	    243	              ""	    585.5540	   1008.00	    5.0	    00000000     00000000	   1	[       ]
571   	0     	    243	              ""	    586.5620	   1008.00	    5.0	    00000000     00000000	   1	[       ]
572   	0     	    243	              ""	    587.5700	   1008.00	    5.0	    00000000     00000000	   1	[       ]
573   	0     	    247	              ""	    588.5800	   1010.01	    5.0	    00000000     00000000	   1	[       ]
574   	0     	    247	              ""	    589.5880	   1008.00	    5.0	    00000000     00000000	   1	[       ]
575   	0     	    247	              ""	    590.5960	   1008.00	    5.0	    00000000     00000000	   1	[       ]
576   	0     	    248	              ""	    591.6040	   1008.00	    5.0	    00000000     00000000	   1	[       ]
577   	0     	    248	              ""	    592.6120	   1008.00	    5.0	    00000000     00000000	   1	[       ]
578   	0     	    248	              ""	    593.6220	   1010.01	    5.0	    00000000     00000000	   1	[       ]
579   	0     	    248	              ""	    594.6300	   1008.00	    5.0	    00000000     00000000	   1	[       ]
580   	0     	      3	              ""	    601.2980	   6667.97	    5.0	    00000000     00000000	   1	[       ]
581   	0     	      3	              ""	    613.5380	  12240.05	    5.0	    00000000     00000000	   1	[       ]
582   	0     	      4	              ""	    677.9540	  64415.95	    5.0	    00000000     00000000	   1	[       ]
583   	0     	    101	              ""	    677.9720	     18.01	    5.0	    00000000     00000000	   1	[       ]
584   	0     	    101	              ""	    678.9880	   1015.99	    5.0	    00000000     00000000	   1	[       ]
585   	0     	    101	              ""	    680.0040	   1016.05	    5.0	    00000000     00000000	   1	[       ]
586   	0     	    101	              ""	    682.0300	   2026.00	    5.0	    00000000     00000000	   1	[       ]
587   	0     	    101	              ""	    683.0460	   1015.99	    5.0	    00000000     00000000	   1	[       ]
588   	0     	    101	              ""	    684.0640	   1018.01	    5.0	    00000000     00000000	   1	[       ]
589   	0     	      1	              ""	    685.6820	   1617.98	    5.0	    00000000     00000000	   1	[       ]
590   	0     	      1	              ""	    687.3300	   1648.01	    5.0	    00000000     00000000	   1	[       ]
591   	0     	    102	              ""	    687.8640	    534.00	    5.0	    00000000     00000000	   1	[       ]
592   	0     	    102	              ""	    688.8800	   1015.99	    5.0	    00000000     00000000	   1	[       ]
593   	0     	    102	              ""	    689.8980	   1018.01	    5.0	    00000000     00000000	   1	[       ]
594   	0     	    102	              ""	    691.9220	   2023.99	    5.0	    00000000     00000000	   1	[       ]
595   	0     	    102	              ""	    692.9400	   1018.01	    5.0	    00000000     00000000	   1	[       ]
596   	0     	    102	              ""	    693.9560	   1015.99	    5.0	    00000000     00000000	   1	[       ]
597   	0     	      2	              ""	    695.3620	   1406.01	    5.0	    00000000     00000000	   1	[       ]
598   	0     	      2	              ""	    697.6100	   2247.99	    5.0	    00000000     00000000	   1	[       ]
599   	0     	    103	              ""	    698.1660	    556.03	    5.0	    00000000     00000000	   1	[       ]
600   	0     	    103	              ""	    699.1820	   1015.99	    5.0	    00000000     00000000	   1	[       ]
601   	0     	    103	              ""	    700.1980	   1015.99	    5.0	    00000000     00000000	   1	[       ]
602   	0     	    103	              ""	    702.2240	   2026.00	    5.0	    00000000     00000000	   1	[       ]
603   	0     	    103	              ""	    703.2400	   1015.99	    5.0	    00000000     00000000	   1	[       ]
604   	0     	    103	              ""	    704.2580	   1018.01	    5.0	    00000000     00000000	   1	[       ]
605   	0     	      1	              ""	    706.6500	   2392.03	    5.0	    00000000     00000000	   1	[       ]
606   	0     	    104	              ""	    707.1320	    481.99	    5.0	    00000000     00000000	   1	[       ]
607   	0     	    104	              ""	    708.1500	   1018.01	    5.0	    00000000     00000000	   1	[       ]
608   	0     	    104	              ""	    709.1660	   1015.99	    5.0	    00000000     00000000	   1	[       ]
609   	0     	    104	              ""	    711.1920	   2026.00	    5.0	    00000000     00000000	   1	[       ]
610   	0     	    104	              ""	    712.2080	   1015.99	    5.0	    00000000     00000000	   1	[       ]
611   	0     	    104	              ""	    713.2240	   1015.99	    5.0	    00000000     00000000	   1	[       ]
612   	0     	      1	              ""	    715.2820	   2057.98	    5.0	    00000000     00000000	   1	[       ]
613   	0     	    205	              ""	    715.8420	    560.00	    5.0	    00000000     00000000	   1	[       ]
614   	0     	    205	              ""	    716.8580	   1015.99	    5.0	    00000000     00000000	   1	[       ]
615   	0     	    205	              ""	    717.8760	   1018.01	    5.0	    00000000     00000000	   1	[       ]
616   	0     	    205	              ""	    719.9000	   2024.05	    5.0	    00000000     00000000	   1	[       ]
617   	0     	    205	              ""	    720.9180	   1018.01	    5.0	    00000000     00000000	   1	[       ]
618   	0     	    205	              ""	    721.9340	   1015.99	    5.0	    00000000     00000000	   1	[       ]
619   	0     	      2	              ""	    724.2020	   2268.01	    5.0	    00000000     00000000	   1	[       ]
620   	0     	    106	              ""	    724.7520	    549.99	    5.0	    00000000     00000000	   1	[       ]
621   	0     	    106	              ""	    725.7680	   1015.99	    5.0	    00000000     00000000	   1	[       ]
622   	0     	    106	              ""	    726.7840	   1015.99	    5.0	    00000000     00000000	   1	[       ]
623   	0     	    106	              ""	    728.8100	   2026.00	    5.0	    00000000     00000000	   1	[       ]
624   	0     	    106	              ""	    729.8260	   1015.99	    5.0	    00000000     00000000	   1	[       ]
625   	0     	    106	              ""	    730.8440	   1018.01	    5.0	    00000000     00000000	   1	[       ]
626   	0     	      1	              ""	    732.8340	   1989.99	    5.0	    00000000     00000000	   1	[       ]
627   	0     	      1	              ""	    734.0900	   1256.04	    5.0	    00000000     00000000	   1	[       ]
628   	0     	    107	              ""	    734.5600	    469.97	    5.0	    00000000     00000000	   1	[       ]
629   	0     	    107	              ""	    735.5780	   1018.01	    5.0	    00000000     00000000	   1	[       ]
630   	0     	    107	              ""	    736.5940	   1015.99	    5.0	    00000000     00000000	   1	[       ]
631   	0     	    107	              ""	    738.6200	   2026.00	    5.0	    00000000     00000000	   1	[       ]
632   	0     	    107	              ""	    739.6360	   1015.99	    5.0	    00000000     00000000	   1	[       ]
633   	0     	    107	              ""	    740.6520	   1015.99	    5.0	    00000000     00000000	   1	[       ]
634   	0     	      2	              ""	    742.0100	   1358.03	    5.0	    00000000     00000000	   1	[       ]
635   	0     	      2	              ""	    744.6500	   2640.01	    5.0	    00000000     00000000	   1	[       ]
636   	0     	    108	              ""	    745.1200	    469.97	    5.0	    00000000     00000000	   1	[       ]
637   	0     	    108	              ""	    746.1360	   1015.99	    5.0	    00000000     00000000	   1	[       ]
638   	0     	    108	              ""	    747.1540	   1018.01	    5.0	    00000000     00000000	   1	[       ]
639   	0     	    108	              ""	    749.1780	   2023.99	    5.0	    00000000     00000000	   1	[       ]
640   	0     	    108	              ""	    750.1960	   1018.01	    5.0	    00000000     00000000	   1	[       ]
641   	0     	    108	              ""	    751.2120	   1015.99	    5.0	    00000000     00000000	   1	[       ]
642   	0     	      1	              ""	    753.8900	   2678.04	    5.0	    00000000     00000000	   1	[       ]
643   	0     	    109	              ""	    754.4200	    529.97	    5.0	    00000000     00000000	   1	[       ]
644   	0     	    109	              ""	    755.4380	   1018.01	    5.0	    00000000     00000000	   1	[       ]
645   	0     	    109	              ""	    756.4540	   1015.99	    5.0	    00000000     00000000	   1	[       ]
646   	0     	    109	              ""	    758.4800	   2026.00	    5.0	    00000000     00000000	   1	[       ]
647   	0     	    109	              ""	    759.4960	   1015.99	    5.0	    00000000     00000000	   1	[       ]
648   	0     	    109	              ""	    760.5120	   1016.05	    5.0	    00000000     00000000	   1	[       ]
649   	0     	      2	              ""	    762.8720	   2359.99	    5.0	    00000000     00000000	   1	[       ]
650   	0     	    110	              ""	    763.3720	    500.00	    5.0	    00000000     00000000	   1	[       ]
651   	0     	    110	              ""	    764.3880	   1015.99	    5.0	    00000000     00000000	   1	[       ]
652   	0     	    110	              ""	    765.4060	   1018.01	    5.0	    00000000     00000000	   1	[       ]
653   	0     	    110	              ""	    767.4300	   2023.99	    5.0	    00000000     00000000	   1	[       ]
654   	0     	    110	              ""	    768.4460	   1015.99	    5.0	    00000000     00000000	   1	[       ]
655   	0     	    110	              ""	    769.4640	   1018.01	    5.0	    00000000     00000000	   1	[       ]
656   	0     	      1	              ""	    771.7200	   2255.98	    5.0	    00000000     00000000	   1	[       ]
657   	0     	    111	              ""	    772.2720	    552.00	    5.0	    00000000     00000000	   1	[       ]
658   	0     	    111	              ""	    773.2900	   1018.01	    5.0	    00000000     00000000	   1	[       ]
659   	0     	    111	              ""	    774.3060	   1016.05	    5.0	    00000000     00000000	   1	[       ]
660   	0     	    111	              ""	    776.3320	   2025.94	    5.0	    00000000     00000000	   1	[       ]
661   	0     	    111	              ""	    777.3480	   1016.05	    5.0	    00000000     00000000	   1	[       ]
662   	0     	    111	              ""	    778.3640	   1015.99	    5.0	    00000000     00000000	   1	[       ]
663   	0     	      1	              ""	    780.5360	   2172.00	    5.0	    00000000     00000000	   1	[       ]
664   	0     	    212	              ""	    781.0820	    545.96	    5.0	    00000000     00000000	   1	[       ]
665   	0     	    212	              ""	    782.0980	   1016.05	    5.0	    00000000     00000000	   1	[       ]
666   	0     	    212	              ""	    783.1160	   1018.01	    5.0	    00000000     00000000	   1	[       ]
667   	0     	    212	              ""	    785.1400	   2023.99	    5.0	    00000000     00000000	   1	[       ]
668   	0     	    212	              ""	    786.1580	   1018.01	    5.0	    00000000     00000000	   1	[       ]
669   	0     	    212	              ""	    787.1740	   1015.99	    5.0	    00000000     00000000	   1	[       ]
670   	0     	      2	              ""	    788.8080	   1633.97	    5.0	    00000000     00000000	   1	[       ]
671   	0     	      2	              ""	    790.5040	   1696.04	    5.0	    00000000     00000000	   1	[       ]
672   	0     	    113	              ""	    791.0400	    535.95	    5.0	    00000000     00000000	   1	[       ]
673   	0     	    113	              ""	    792.0580	   1018.01	    5.0	    00000000     00000000	   1	[       ]
674   	0     	    113	              ""	    793.0740	   1015.99	    5.0	    00000000     00000000	   1	[       ]
675   	0     	    113	              ""	    795.1000	   2026.00	    5.0	    00000000     00000000	   1	[       ]
676   	0     	    113	              ""	    796.1160	   1016.05	    5.0	    00000000     00000000	   1	[       ]
677   	0     	    113	              ""	    797.1340	   1017.94	    5.0	    00000000     00000000	   1	[       ]
678   	0     	      2	              ""	    799.4080	   2274.05	    5.0	    00000000     00000000	   1	[       ]
679   	0     	    214	              ""	    799.9500	    541.99	    5.0	    00000000     00000000	   1	[       ]
680   	0     	    214	              ""	    800.9660	   1015.99	    5.0	    00000000     00000000	   1	[       ]
681   	0     	    214	              ""	    801.9840	   1018.01	    5.0	    00000000     00000000	   1	[       ]
682   	0     	    214	              ""	    804.0080	   2023.99	    5.0	    00000000     00000000	   1	[       ]
683   	0     	    214	              ""	    805.0260	   1018.01	    5.0	    00000000     00000000	   1	[       ]
684   	0     	    214	              ""	    806.0420	   1015.99	    5.0	    00000000     00000000	   1	[       ]
685   	0     	      1	              ""	    808.2480	   2205.99	    5.0	    00000000     00000000	   1	[       ]
686   	0     	    215	              ""	    808.7500	    502.01	    5.0	    00000000     00000000	   1	[       ]
687   	0     	    215	              ""	    809.7680	   1018.01	    5.0	    00000000     00000000	   1	[       ]
688   	0     	    215	              ""	    810.7840	   1015.99	    5.0	    00000000     00000000	   1	[       ]
689   	0     	    215	              ""	    812.8100	   2026.00	    5.0	    00000000     00000000	   1	[       ]
690   	0     	    215	              ""	    813.8260	   1015.99	    5.0	    00000000     00000000	   1	[       ]
691   	0     	    215	              ""	    814.8440	   1018.01	    5.0	    00000000     00000000	   1	[       ]
692   	0     	      2	              ""	    816.9920	   2148.01	    5.0	    00000000     00000000	   1	[       ]
693   	0     	    116	              ""	    817.5360	    544.01	    5.0	    00000000     00000000	   1	[       ]
694   	0     	    116	              ""	    818.5520	   1015.99	    5.0	    00000000     00000000	   1	[       ]
695   	0     	    116	              ""	    819.5680	   1015.99	    5.0	    00000000     00000000	   1	[       ]
696   	0     	    116	              ""	    821.5940	   2026.00	    5.0	    00000000     00000000	   1	[       ]
697   	0     	    116	              ""	    822.6100	   1015.99	    5.0	    00000000     00000000	   1	[       ]
698   	0     	    116	              ""	    823.6280	   1018.01	    5.0	    00000000     00000000	   1	[       ]
699   	0     	      1	              ""	    825.8720	   2244.02	    5.0	    00000000     00000000	   1	[       ]
700   	0     	    217	              ""	    826.3520	    479.98	    5.0	    00000000     00000000	   1	[       ]
701   	0     	    217	              ""	    827.3700	   1018.01	    5.0	    00000000     00000000	   1	[       ]
702   	0     	    217	              ""	    828.3860	   1015.99	    5.0	    00000000     00000000	   1	[       ]
703   	0     	    217	              ""	    830.4120	   2026.00	    5.0	    00000000     00000000	   1	[       ]
704   	0     	    217	              ""	    831.4280	   1015.99	    5.0	    00000000     00000000	   1	[       ]
705   	0     	    217	              ""	    832.4440	   1015.99	    5.0	    00000000     00000000	   1	[       ]
706   	0     	      1	              ""	    834.4960	   2052.00	    5.0	    00000000     00000000	   1	[       ]
707   	0     	    218	              ""	    834.9780	    482.06	    5.0	    00000000     00000000	   1	[       ]
708   	0     	    218	              ""	    835.9960	   1017.94	    5.0	    00000000     00000000	   1	[       ]
709   	0     	    218	              ""	    837.0120	   1016.05	    5.0	    00000000     00000000	   1	[       ]
710   	0     	    218	              ""	    839.0380	   2026.00	    5.0	    00000000     00000000	   1	[       ]
711   	0     	    218	              ""	    840.0540	   1015.99	    5.0	    00000000     00000000	   1	[       ]
712   	0     	    218	              ""	    841.0700	   1015.99	    5.0	    00000000     00000000	   1	[       ]
713   	0     	      1	              ""	    843.3280	   2258.00	    5.0	    00000000     00000000	   1	[       ]
714   	0     	    219	              ""	    843.8460	    518.01	    5.0	    00000000     00000000	   1	[       ]
715   	0     	    219	              ""	    844.8620	   1015.99	    5.0	    00000000     00000000	   1	[       ]
716   	0     	    219	              ""	    845.8800	   1018.01	    5.0	    00000000     00000000	   1	[       ]
717   	0     	    219	              ""	    847.9040	   2023.99	    5.0	    00000000     00000000	   1	[       ]
718   	0     	    219	              ""	    848.9220	   1018.01	    5.0	    00000000     00000000	   1	[       ]
719   	0     	    219	              ""	    849.9380	   1015.99	    5.0	    00000000     00000000	   1	[       ]
720   	0     	      2	              ""	    852.2160	   2278.02	    5.0	    00000000     00000000	   1	[       ]
721   	0     	    220	              ""	    852.7220	    505.98	    5.0	    00000000     00000000	   1	[       ]
722   	0     	    220	              ""	    853.7380	   1015.99	    5.0	    00000000     00000000	   1	[       ]
723   	0     	    220	              ""	    854.7560	   1018.01	    5.0	    00000000     00000000	   1	[       ]
724   	0     	    220	              ""	    856.7800	   2024.05	    5.0	    00000000     00000000	   1	[       ]
725   	0     	    220	              ""	    857.7980	   1017.94	    5.0	    00000000     00000000	   1	[       ]
726   	0     	    220	              ""	    858.8140	   1016.05	    5.0	    00000000     00000000	   1	[       ]
727   	0     	      2	              ""	    861.1040	   2289.98	    5.0	    00000000     00000000	   1	[       ]
728   	0     	    221	              ""	    861.5720	    468.02	    5.0	    00000000     00000000	   1	[       ]
729   	0     	    221	              ""	    862.5900	   1018.01	    5.0	    00000000     00000000	   1	[       ]
730   	0     	    221	              ""	    863.6060	   1015.99	    5.0	    00000000     00000000	   1	[       ]
731   	0     	    221	              ""	    865.6320	   2026.00	    5.0	    00000000     00000000	   1	[       ]
732   	0     	    221	              ""	    866.6480	   1015.99	    5.0	    00000000     00000000	   1	[       ]
733   	0     	    221	              ""	    867.6660	   1018.01	    5.0	    00000000     00000000	   1	[       ]
734   	0     	      2	              ""	    869.9040	   2237.98	    5.0	    00000000     00000000	   1	[       ]
735   	0     	    122	              ""	    870.4400	    536.01	    5.0	    00000000     00000000	   1	[       ]
736   	0     	    122	              ""	    871.4580	   1018.01	    5.0	    00000000     00000000	   1	[       ]
737   	0     	    122	              ""	    872.4740	   1015.99	    5.0	    00000000     00000000	   1	[       ]
738   	0     	    122	              ""	    874.5000	   2026.00	    5.0	    00000000     00000000	   1	[       ]
739   	0     	    122	              ""	    875.5160	   1015.99	    5.0	    00000000     00000000	   1	[       ]
740   	0     	    122	              ""	    876.5320	   1015.99	    5.0	    00000000     00000000	   1	[       ]
741   	0     	      2	              ""	    878.7920	   2260.01	    5.0	    00000000     00000000	   1	[       ]
742   	0     	    123	              ""	    879.3580	    565.98	    5.0	    00000000     00000000	   1	[       ]
743   	0     	    123	              ""	    880.3740	   1016.05	    5.0	    00000000     00000000	   1	[       ]
744   	0     	    123	              ""	    881.3920	   1018.01	    5.0	    00000000     00000000	   1	[       ]
745   	0     	    123	              ""	    883.4160	   2023.99	    5.0	    00000000     00000000	   1	[       ]
746   	0     	    123	              ""	    884.4340	   1018.01	    5.0	    00000000     00000000	   1	[       ]
747   	0     	    123	              ""	    885.4500	   1015.99	    5.0	    00000000     00000000	   1	[       ]
748   	0     	      2	              ""	    887.7040	   2253.97	    5.0	    00000000     00000000	   1	[       ]
749   	0     	    224	              ""	    888.1760	    472.05	    5.0	    00000000     00000000	   1	[       ]
750   	0     	    224	              ""	    889.1920	   1015.99	    5.0	    00000000     00000000	   1	[       ]
751   	0     	    224	              ""	    890.2080	   1015.99	    5.0	    00000000     00000000	   1	[       ]
752   	0     	    224	              ""	    892.2340	   2026.00	    5.0	    00000000     00000000	   1	[       ]
753   	0     	    224	              ""	    893.2500	   1015.99	    5.0	    00000000     00000000	   1	[       ]
754   	0     	    224	              ""	    894.2680	   1018.01	    5.0	    00000000     00000000	   1	[       ]
755   	0     	      2	              ""	    896.4880	   2219.97	    5.0	    00000000     00000000	   1	[       ]
756   	0     	    225	              ""	    896.9840	    496.03	    5.0	    00000000     00000000	   1	[       ]
757   	0     	    225	              ""	    898.0020	   1018.01	    5.0	    00000000     00000000	   1	[       ]
758   	0     	    225	              ""	    899.0180	   1015.99	    5.0	    00000000     00000000	   1	[       ]
759   	0     	    225	              ""	    901.0440	   2026.00	    5.0	    00000000     00000000	   1	[       ]
760   	0     	    225	              ""	    902.0600	   1015.99	    5.0	    00000000     00000000	   1	[       ]
761   	0     	    225	              ""	    903.0760	   1015.99	    5.0	    00000000     00000000	   1	[       ]
762   	0     	      1	              ""	    905.3440	   2268.01	    5.0	    00000000     00000000	   1	[       ]
763   	0     	    226	              ""	    905.8680	    523.99	    5.0	    00000000     00000000	   1	[       ]
764   	0     	    226	              ""	    906.8860	   1018.01	    5.0	    00000000     00000000	   1	[       ]
765   	0     	    226	              ""	    907.9020	   1015.99	    5.0	    00000000     00000000	   1	[       ]
766   	0     	    226	              ""	    909.9280	   2026.00	    5.0	    00000000     00000000	   1	[       ]
767   	0     	    226	              ""	    910.9440	   1015.99	    5.0	    00000000     00000000	   1	[       ]
768   	0     	    226	              ""	    911.9620	   1018.01	    5.0	    00000000     00000000	   1	[       ]
769   	0     	      2	              ""	    914.2240	   2262.02	    5.0	    00000000     00000000	   1	[       ]
770   	0     	    227	              ""	    914.7360	    512.02	    5.0	    00000000     00000000	   1	[       ]
771   	0     	    227	              ""	    915.7540	   1018.01	    5.0	    00000000     00000000	   1	[       ]
772   	0     	    227	              ""	    916.7700	   1015.99	    5.0	    00000000     00000000	   1	[       ]
773   	0     	    227	              ""	    918.7960	   2026.00	    5.0	    00000000     00000000	   1	[       ]
774   	0     	    227	              ""	    919.8120	   1015.99	    5.0	    00000000     00000000	   1	[       ]
775   	0     	    227	              ""	    920.8280	   1015.99	    5.0	    00000000     00000000	   1	[       ]
776   	0     	      2	              ""	    923.0480	   2219.97	    5.0	    00000000     00000000	   1	[       ]
777   	0     	    128	              ""	    923.5460	    498.05	    5.0	    00000000     00000000	   1	[       ]
778   	0     	    128	              ""	    924.5620	   1015.99	    5.0	    00000000     00000000	   1	[       ]
779   	0     	    128	              ""	    925.5800	   1018.01	    5.0	    00000000     00000000	   1	[       ]
780   	0     	    128	              ""	    927.6040	   2023.99	    5.0	    00000000     00000000	   1	[       ]
781   	0     	    128	              ""	    928.6220	   1018.01	    5.0	    00000000     00000000	   1	[       ]
782   	0     	    128	              ""	    929.6380	   1015.99	    5.0	    00000000     00000000	   1	[       ]
783   	0     	      2	              ""	    931.8720	   2234.01	    5.0	    00000000     00000000	   1	[       ]
784   	0     	    229	              ""	    932.4300	    557.98	    5.0	    00000000     00000000	   1	[       ]
785   	0     	    229	              ""	    933.4460	   1015.99	    5.0	    00000000     00000000	   1	[       ]
786   	0     	    229	              ""	    934.4640	   1018.01	    5.0	    00000000     00000000	   1	[       ]
787   	0     	    229	              ""	    936.4880	   2023.99	    5.0	    00000000     00000000	   1	[       ]
788   	0     	    229	              ""	    937.5060	   1018.01	    5.0	    00000000     00000000	   1	[       ]
789   	0     	    229	              ""	    938.5220	   1015.99	    5.0	    00000000     00000000	   1	[       ]
790   	0     	      1	              ""	    940.8080	   2286.01	    5.0	    00000000     00000000	   1	[       ]
791   	0     	    230	              ""	    941.3140	    506.04	    5.0	    00000000     00000000	   1	[       ]
792   	0     	    230	              ""	    942.3300	   1015.99	    5.0	    00000000     00000000	   1	[       ]
793   	0     	    230	              ""	    943.3480	   1018.01	    5.0	    00000000     00000000	   1	[       ]
794   	0     	    230	              ""	    945.3720	   2023.99	    5.0	    00000000     00000000	   1	[       ]
795   	0     	    230	              ""	    946.3900	   1018.01	    5.0	    00000000     00000000	   1	[       ]
796   	0     	    230	              ""	    947.4060	   1015.99	    5.0	    00000000     00000000	   1	[       ]
797   	0     	      2	              ""	    949.6320	   2226.01	    5.0	    00000000     00000000	   1	[       ]
798   	0     	    131	              ""	    950.1140	    481.99	    5.0	    00000000     00000000	   1	[       ]
799   	0     	    131	              ""	    951.1320	   1018.01	    5.0	    00000000     00000000	   1	[       ]
800   	0     	    131	              ""	    952.1480	   1015.99	    5.0	    00000000     00000000	   1	[       ]
801   	0     	    131	              ""	    954.1740	   2026.00	    5.0	    00000000     00000000	   1	[       ]
802   	0     	    131	              ""	    955.1900	   1015.99	    5.0	    00000000     00000000	   1	[       ]
803   	0     	    131	              ""	    956.2080	   1018.01	    5.0	    00000000     00000000	   1	[       ]
804   	0     	      1	              ""	    958.4640	   2255.98	    5.0	    00000000     00000000	   1	[       ]
805   	0     	    232	              ""	    958.9400	    476.01	    5.0	    00000000     00000000	   1	[       ]
806   	0     	    232	              ""	    959.9580	   1018.01	    5.0	    00000000     00000000	   1	[       ]
807   	0     	    232	              ""	    960.9740	   1015.99	    5.0	    00000000     00000000	   1	[       ]
808   	0     	    232	              ""	    963.0000	   2026.00	    5.0	    00000000     00000000	   1	[       ]
809   	0     	    232	              ""	    964.0160	   1015.99	    5.0	    00000000     00000000	   1	[       ]
810   	0     	    232	              ""	    965.0340	   1018.01	    5.0	    00000000     00000000	   1	[       ]
811   	0     	      1	              ""	    967.3200	   2286.01	    5.0	    00000000     00000000	   1	[       ]
812   	0     	      3	              ""	    971.8240	   4503.97	    5.0	    00000000     00000000	   1	[       ]
