Bin   #(%) accepted   #(%) rejected    # F2    # F3    # F4    # F5    # F6    # F7    # F8
  1      48( 94.1)        3(  5.9)       0       0       0       0       0       0       0
  2      50( 98.0)        1(  2.0)       0       0       0       0       0       0       0
  3      25(100.0)        0(  0.0)       0       0       0       0       0       0       0
  4      25(100.0)        0(  0.0)       0       0       0       0       0       0       0
  5      24( 96.0)        1(  4.0)       0       0       0       0       0       0       0
  6      25( 96.2)        1(  3.8)       0       0       0       0       0       0       0
  7      45( 90.0)        5( 10.0)       0       0       0       0       0       0       0
  8      47( 94.0)        3(  6.0)       0       0       0       0       0       0       0
____________________________________________________________________________________________________
Total   289( 95.4)       14(  4.6)       0       0       0       0       0       0       0

