Bin   #(%) accepted   #(%) rejected    # F2    # F3    # F4    # F5    # F6    # F7    # F8
  1      41( 82.0)        9( 18.0)       0       0       0       0       0       0       0
  2      44( 88.0)        6( 12.0)       0       0       0       0       0       0       0
  3      22( 88.0)        3( 12.0)       0       0       0       0       0       0       0
  4      22( 88.0)        3( 12.0)       0       0       0       0       0       0       0
  5      25(100.0)        0(  0.0)       0       0       0       0       0       0       0
  6      20( 80.0)        5( 20.0)       0       0       0       0       0       0       0
  7      41( 82.0)        9( 18.0)       0       0       0       0       0       0       0
  8      44( 88.0)        6( 12.0)       0       0       0       0       0       0       0
____________________________________________________________________________________________________
Total   259( 86.3)       41( 13.7)       0       0       0       0       0       0       0

