Bin   #(%) accepted   #(%) rejected    # F2    # F3    # F4    # F5    # F6    # F7    # F8
  1      43( 86.0)        7( 14.0)       0       0       0       0       0       0       0
  2      46( 92.0)        4(  8.0)       0       0       0       0       0       0       0
  3      22( 88.0)        3( 12.0)       0       0       0       0       0       0       0
  4      24( 96.0)        1(  4.0)       0       0       0       0       0       0       0
  5      24( 96.0)        1(  4.0)       0       0       0       0       0       0       0
  6      24( 96.0)        1(  4.0)       0       0       0       0       0       0       0
  7      44( 88.0)        6( 12.0)       0       0       0       0       0       0       0
  8      40( 80.0)       10( 20.0)       0       0       0       0       0       0       0
____________________________________________________________________________________________________
Total   267( 89.0)       33( 11.0)       0       0       0       0       0       0       0

