Bin   #(%) accepted   #(%) rejected    # F2    # F3    # F4    # F5    # F6    # F7    # F8
  1      47( 94.0)        3(  6.0)       0       0       0       0       0       0       0
  2      47( 94.0)        3(  6.0)       0       0       0       0       0       0       0
  3      22( 88.0)        3( 12.0)       0       0       0       0       0       0       0
  4      22( 88.0)        3( 12.0)       0       0       0       0       0       0       0
  5      22( 88.0)        3( 12.0)       0       0       0       0       0       0       0
  6      20( 80.0)        5( 20.0)       0       0       0       0       0       0       0
  7      44( 88.0)        6( 12.0)       0       0       0       0       0       0       0
  8      45( 90.0)        5( 10.0)       0       0       0       0       0       0       0
____________________________________________________________________________________________________
Total   269( 89.7)       31( 10.3)       0       0       0       0       0       0       0

