Bin   #(%) accepted   #(%) rejected    # F2    # F3    # F4    # F5    # F6    # F7    # F8
  1      50(100.0)        0(  0.0)       0       0       0       0       0       0       0
  2      46( 92.0)        4(  8.0)       0       0       0       0       0       0       0
  3      24( 96.0)        1(  4.0)       0       0       0       0       0       0       0
  4      22( 88.0)        3( 12.0)       0       0       0       0       0       0       0
  5      25(100.0)        0(  0.0)       0       0       0       0       0       0       0
  6      23( 92.0)        2(  8.0)       0       0       0       0       0       0       0
  7      48( 96.0)        2(  4.0)       0       0       0       0       0       0       0
  8      49( 98.0)        1(  2.0)       0       0       0       0       0       0       0
____________________________________________________________________________________________________
Total   287( 95.7)       13(  4.3)       0       0       0       0       0       0       0

