Bin   #(%) accepted   #(%) rejected    # F2    # F3    # F4    # F5    # F6    # F7    # F8
  1      38( 76.0)       12( 24.0)       0       0       0       0       0       0       0
  2      33( 66.0)       17( 34.0)       0       0       0       0       0       0       0
  3      21( 84.0)        4( 16.0)       0       0       0       0       0       0       0
  4      21( 84.0)        4( 16.0)       0       0       0       0       0       0       0
  5      18( 72.0)        7( 28.0)       0       0       0       0       0       0       0
  6      23( 92.0)        2(  8.0)       0       0       0       0       0       0       0
  7      38( 76.0)       12( 24.0)       0       0       0       0       0       0       0
  8      41( 82.0)        9( 18.0)       0       0       0       0       0       0       0
____________________________________________________________________________________________________
Total   233( 77.7)       67( 22.3)       0       0       0       0       0       0       0

