Bin   #(%) accepted   #(%) rejected    # F2    # F3    # F4    # F5    # F6    # F7    # F8
  1      44( 88.0)        6( 12.0)       0       0       0       0       0       0       0
  2      46( 92.0)        4(  8.0)       0       0       0       0       0       0       0
  3      21( 84.0)        4( 16.0)       0       0       0       0       0       0       0
  4      21( 84.0)        4( 16.0)       0       0       0       0       0       0       0
  5      25(100.0)        0(  0.0)       0       0       0       0       0       0       0
  6      23( 92.0)        2(  8.0)       0       0       0       0       0       0       0
  7      48( 96.0)        2(  4.0)       0       0       0       0       0       0       0
  8      50(100.0)        0(  0.0)       0       0       0       0       0       0       0
____________________________________________________________________________________________________
Total   278( 92.7)       22(  7.3)       0       0       0       0       0       0       0

