Bin   #(%) accepted   #(%) rejected    # F2    # F3    # F4    # F5    # F6    # F7    # F8
  1      44( 88.0)        6( 12.0)       0       0       0       0       0       0       0
  2      46( 92.0)        4(  8.0)       0       0       0       0       0       0       0
  3      22( 88.0)        3( 12.0)       0       0       0       0       0       0       0
  4      24( 96.0)        1(  4.0)       0       0       0       0       0       0       0
  5      23( 92.0)        2(  8.0)       0       0       0       0       0       0       0
  6      23( 92.0)        2(  8.0)       0       0       0       0       0       0       0
  7      43( 86.0)        7( 14.0)       0       0       0       0       0       0       0
  8      45( 90.0)        5( 10.0)       0       0       0       0       0       0       0
____________________________________________________________________________________________________
Total   270( 90.0)       30( 10.0)       0       0       0       0       0       0       0

