Bin   #(%) accepted   #(%) rejected    # F2    # F3    # F4    # F5    # F6    # F7    # F8
  1      48( 96.0)        2(  4.0)       0       0       0       0       0       0       0
  2      45( 90.0)        5( 10.0)       0       0       0       0       0       0       0
  3      24( 96.0)        1(  4.0)       0       0       0       0       0       0       0
  4      23( 92.0)        2(  8.0)       0       0       0       0       0       0       0
  5      22( 88.0)        3( 12.0)       0       0       0       0       0       0       0
  6      23( 92.0)        2(  8.0)       0       0       0       0       0       0       0
  7      42( 84.0)        8( 16.0)       0       0       0       0       0       0       0
  8      45( 90.0)        5( 10.0)       0       0       0       0       0       0       0
____________________________________________________________________________________________________
Total   272( 90.7)       28(  9.3)       0       0       0       0       0       0       0

