Bin   #(%) accepted   #(%) rejected    # F2    # F3    # F4    # F5    # F6    # F7    # F8
  1      40( 80.0)       10( 20.0)       0       0       0       0       0       0       0
  2      44( 88.0)        6( 12.0)       0       0       0       0       0       0       0
  3      25(100.0)        0(  0.0)       0       0       0       0       0       0       0
  4      23( 92.0)        2(  8.0)       0       0       0       0       0       0       0
  5      22( 88.0)        3( 12.0)       0       0       0       0       0       0       0
  6      20( 80.0)        5( 20.0)       0       0       0       0       0       0       0
  7      40( 80.0)       10( 20.0)       0       0       0       0       0       0       0
  8      41( 82.0)        9( 18.0)       0       0       0       0       0       0       0
____________________________________________________________________________________________________
Total   255( 85.0)       45( 15.0)       0       0       0       0       0       0       0

