#  Non-editable header begin --------------------------------------------------------------------------------
# 
#  data format...............: continuous
#  setname...................: m21_s168_vsl1_filt_rs_ref_elist
#  filename..................: m21_s168_vsl1_filt_rs_ref.set
#  filepath..................: Z:\PROJECTS\MPH_H\MORPH21\dat\erp\S168
#  nchan.....................: 33
#  pnts......................: 134760
#  srate.....................: 200
#  nevents...................: 578
#  generated by (bdf)........: 
#  generated by (set)........: m21_s168_vsl1_filt_rs_ref_elist
#  reported in ..............: 
#  prog Version..............: 7.0.0
#  creation date.............: 18-Jul-2019 15:31:29
#  user Account..............: 
# 
#  Non-editable header end --------------------------------------------------------------------------------




# item	 bepoch	  ecode	            label	      onset	          diff	     dura	b_flags	   a_flags	  enable	    bin
#                                                 (sec)           (msec)     (msec)    (binary)   (binary)


1     	0     	    -99	        boundary	      0.0000	      0.00	    NaN	    00000000     00000000	   1	[       ]
2     	0     	      4	              ""	     83.7360	  83736.00	    2.0	    00000000     00000000	   1	[       ]
3     	0     	     11	              ""	     84.7500	   1014.00	    2.0	    00000000     00000000	   1	[       ]
4     	0     	     11	              ""	     85.7580	   1008.00	    2.0	    00000000     00000000	   1	[       ]
5     	0     	     13	              ""	     86.7660	   1008.00	    2.0	    00000000     00000000	   1	[       ]
6     	0     	     13	              ""	     87.7760	   1010.00	    2.0	    00000000     00000000	   1	[       ]
7     	0     	     13	              ""	     88.7840	   1008.00	    2.0	    00000000     00000000	   1	[       ]
8     	0     	     12	              ""	     89.7920	   1008.00	    2.0	    00000000     00000000	   1	[       ]
9     	0     	     12	              ""	     90.8000	   1008.00	    2.0	    00000000     00000000	   1	[       ]
10    	0     	     12	              ""	     91.8080	   1008.00	    2.0	    00000000     00000000	   1	[       ]
11    	0     	     17	              ""	     92.8180	   1010.00	    2.0	    00000000     00000000	   1	[       ]
12    	0     	     17	              ""	     93.8260	   1008.00	    2.0	    00000000     00000000	   1	[       ]
13    	0     	     17	              ""	     94.8340	   1008.00	    2.0	    00000000     00000000	   1	[       ]
14    	0     	     16	              ""	     95.8420	   1008.00	    2.0	    00000000     00000000	   1	[       ]
15    	0     	     16	              ""	     96.8500	   1008.00	    2.0	    00000000     00000000	   1	[       ]
16    	0     	     16	              ""	     97.8600	   1010.00	    2.0	    00000000     00000000	   1	[       ]
17    	0     	     15	              ""	     98.8680	   1008.00	    2.0	    00000000     00000000	   1	[       ]
18    	0     	     15	              ""	     99.8760	   1008.00	    2.0	    00000000     00000000	   1	[       ]
19    	0     	     15	              ""	    100.8840	   1008.00	    2.0	    00000000     00000000	   1	[       ]
20    	0     	     18	              ""	    101.8940	   1009.99	    2.0	    00000000     00000000	   1	[       ]
21    	0     	     18	              ""	    102.9020	   1008.00	    2.0	    00000000     00000000	   1	[       ]
22    	0     	     18	              ""	    103.9100	   1008.00	    2.0	    00000000     00000000	   1	[       ]
23    	0     	     14	              ""	    104.9180	   1008.00	    2.0	    00000000     00000000	   1	[       ]
24    	0     	     14	              ""	    105.9260	   1008.00	    2.0	    00000000     00000000	   1	[       ]
25    	0     	     14	              ""	    106.9360	   1009.99	    2.0	    00000000     00000000	   1	[       ]
26    	0     	     21	              ""	    107.9440	   1008.00	    2.0	    00000000     00000000	   1	[       ]
27    	0     	     21	              ""	    108.9520	   1008.00	    2.0	    00000000     00000000	   1	[       ]
28    	0     	     21	              ""	    109.9600	   1008.00	    2.0	    00000000     00000000	   1	[       ]
29    	0     	     24	              ""	    110.9680	   1008.00	    2.0	    00000000     00000000	   1	[       ]
30    	0     	     24	              ""	    111.9780	   1009.99	    2.0	    00000000     00000000	   1	[       ]
31    	0     	     24	              ""	    112.9860	   1008.00	    2.0	    00000000     00000000	   1	[       ]
32    	0     	     28	              ""	    113.9940	   1008.00	    2.0	    00000000     00000000	   1	[       ]
33    	0     	     28	              ""	    115.0020	   1008.00	    2.0	    00000000     00000000	   1	[       ]
34    	0     	     28	              ""	    116.0120	   1010.00	    2.0	    00000000     00000000	   1	[       ]
35    	0     	     22	              ""	    117.0200	   1008.00	    2.0	    00000000     00000000	   1	[       ]
36    	0     	     22	              ""	    118.0280	   1008.00	    2.0	    00000000     00000000	   1	[       ]
37    	0     	     22	              ""	    119.0360	   1008.00	    2.0	    00000000     00000000	   1	[       ]
38    	0     	     25	              ""	    120.0440	   1008.00	    2.0	    00000000     00000000	   1	[       ]
39    	0     	     25	              ""	    121.0540	   1010.00	    2.0	    00000000     00000000	   1	[       ]
40    	0     	     25	              ""	    122.0620	   1008.00	    2.0	    00000000     00000000	   1	[       ]
41    	0     	     26	              ""	    123.0700	   1008.00	    2.0	    00000000     00000000	   1	[       ]
42    	0     	     26	              ""	    124.0780	   1008.00	    2.0	    00000000     00000000	   1	[       ]
43    	0     	     26	              ""	    125.0880	   1009.99	    2.0	    00000000     00000000	   1	[       ]
44    	0     	     27	              ""	    126.0960	   1008.00	    2.0	    00000000     00000000	   1	[       ]
45    	0     	     27	              ""	    127.1040	   1008.00	    2.0	    00000000     00000000	   1	[       ]
46    	0     	     27	              ""	    128.1120	   1008.00	    2.0	    00000000     00000000	   1	[       ]
47    	0     	     23	              ""	    129.1200	   1008.00	    2.0	    00000000     00000000	   1	[       ]
48    	0     	     23	              ""	    130.1300	   1010.01	    2.0	    00000000     00000000	   1	[       ]
49    	0     	     23	              ""	    131.1380	   1008.00	    2.0	    00000000     00000000	   1	[       ]
50    	0     	     35	              ""	    132.1460	   1008.00	    2.0	    00000000     00000000	   1	[       ]
51    	0     	     35	              ""	    133.1540	   1008.01	    2.0	    00000000     00000000	   1	[       ]
52    	0     	     35	              ""	    134.1620	   1008.00	    2.0	    00000000     00000000	   1	[       ]
53    	0     	     38	              ""	    135.1720	   1009.99	    2.0	    00000000     00000000	   1	[       ]
54    	0     	     38	              ""	    136.1800	   1008.00	    2.0	    00000000     00000000	   1	[       ]
55    	0     	     38	              ""	    137.1880	   1008.01	    2.0	    00000000     00000000	   1	[       ]
56    	0     	     31	              ""	    138.1960	   1008.00	    2.0	    00000000     00000000	   1	[       ]
57    	0     	     31	              ""	    139.2060	   1009.99	    2.0	    00000000     00000000	   1	[       ]
58    	0     	     31	              ""	    140.2140	   1008.01	    2.0	    00000000     00000000	   1	[       ]
59    	0     	     33	              ""	    141.2220	   1008.00	    2.0	    00000000     00000000	   1	[       ]
60    	0     	     33	              ""	    142.2300	   1008.00	    2.0	    00000000     00000000	   1	[       ]
61    	0     	     33	              ""	    143.2380	   1008.01	    2.0	    00000000     00000000	   1	[       ]
62    	0     	     34	              ""	    144.2480	   1009.99	    2.0	    00000000     00000000	   1	[       ]
63    	0     	     34	              ""	    145.2560	   1008.00	    2.0	    00000000     00000000	   1	[       ]
64    	0     	     34	              ""	    146.2640	   1008.01	    2.0	    00000000     00000000	   1	[       ]
65    	0     	     36	              ""	    147.2720	   1008.00	    2.0	    00000000     00000000	   1	[       ]
66    	0     	     36	              ""	    148.2800	   1008.00	    2.0	    00000000     00000000	   1	[       ]
67    	0     	     36	              ""	    149.2900	   1009.99	    2.0	    00000000     00000000	   1	[       ]
68    	0     	     37	              ""	    150.2980	   1008.01	    2.0	    00000000     00000000	   1	[       ]
69    	0     	     37	              ""	    151.3060	   1008.00	    2.0	    00000000     00000000	   1	[       ]
70    	0     	     37	              ""	    152.3140	   1008.00	    2.0	    00000000     00000000	   1	[       ]
71    	0     	     32	              ""	    153.3240	   1010.01	    2.0	    00000000     00000000	   1	[       ]
72    	0     	     32	              ""	    154.3320	   1008.00	    2.0	    00000000     00000000	   1	[       ]
73    	0     	     32	              ""	    155.3400	   1008.00	    2.0	    00000000     00000000	   1	[       ]
74    	0     	     43	              ""	    156.3480	   1008.01	    2.0	    00000000     00000000	   1	[       ]
75    	0     	     43	              ""	    157.3560	   1008.00	    2.0	    00000000     00000000	   1	[       ]
76    	0     	     43	              ""	    158.3660	   1009.99	    2.0	    00000000     00000000	   1	[       ]
77    	0     	     41	              ""	    159.3740	   1008.00	    2.0	    00000000     00000000	   1	[       ]
78    	0     	     41	              ""	    160.3820	   1008.01	    2.0	    00000000     00000000	   1	[       ]
79    	0     	     41	              ""	    161.3900	   1008.00	    2.0	    00000000     00000000	   1	[       ]
80    	0     	     48	              ""	    162.3980	   1008.00	    2.0	    00000000     00000000	   1	[       ]
81    	0     	     48	              ""	    163.4080	   1010.01	    2.0	    00000000     00000000	   1	[       ]
82    	0     	     48	              ""	    164.4160	   1008.00	    2.0	    00000000     00000000	   1	[       ]
83    	0     	     47	              ""	    165.4240	   1008.00	    2.0	    00000000     00000000	   1	[       ]
84    	0     	     47	              ""	    166.4320	   1008.01	    2.0	    00000000     00000000	   1	[       ]
85    	0     	     47	              ""	    167.4420	   1009.99	    2.0	    00000000     00000000	   1	[       ]
86    	0     	     42	              ""	    168.4500	   1008.00	    2.0	    00000000     00000000	   1	[       ]
87    	0     	     42	              ""	    169.4580	   1008.00	    2.0	    00000000     00000000	   1	[       ]
88    	0     	     42	              ""	    170.4660	   1008.01	    2.0	    00000000     00000000	   1	[       ]
89    	0     	     44	              ""	    171.4740	   1008.00	    2.0	    00000000     00000000	   1	[       ]
90    	0     	     44	              ""	    172.4840	   1009.99	    2.0	    00000000     00000000	   1	[       ]
91    	0     	     44	              ""	    173.4920	   1008.01	    2.0	    00000000     00000000	   1	[       ]
92    	0     	     46	              ""	    174.5000	   1008.00	    2.0	    00000000     00000000	   1	[       ]
93    	0     	     46	              ""	    175.5080	   1008.00	    2.0	    00000000     00000000	   1	[       ]
94    	0     	     46	              ""	    176.5160	   1008.01	    2.0	    00000000     00000000	   1	[       ]
95    	0     	     45	              ""	    177.5260	   1009.99	    2.0	    00000000     00000000	   1	[       ]
96    	0     	     45	              ""	    178.5340	   1008.00	    2.0	    00000000     00000000	   1	[       ]
97    	0     	     45	              ""	    179.5420	   1008.01	    2.0	    00000000     00000000	   1	[       ]
98    	0     	     51	              ""	    180.5500	   1008.00	    2.0	    00000000     00000000	   1	[       ]
99    	0     	     51	              ""	    181.5600	   1009.99	    2.0	    00000000     00000000	   1	[       ]
100   	0     	     51	              ""	    182.5680	   1008.00	    2.0	    00000000     00000000	   1	[       ]
101   	0     	     55	              ""	    183.5760	   1008.01	    2.0	    00000000     00000000	   1	[       ]
102   	0     	     55	              ""	    184.5840	   1008.00	    2.0	    00000000     00000000	   1	[       ]
103   	0     	     55	              ""	    185.5920	   1008.00	    2.0	    00000000     00000000	   1	[       ]
104   	0     	     58	              ""	    186.6020	   1010.01	    2.0	    00000000     00000000	   1	[       ]
105   	0     	     58	              ""	    187.6100	   1008.00	    2.0	    00000000     00000000	   1	[       ]
106   	0     	     58	              ""	    188.6180	   1008.00	    2.0	    00000000     00000000	   1	[       ]
107   	0     	     56	              ""	    189.6260	   1008.01	    2.0	    00000000     00000000	   1	[       ]
108   	0     	     56	              ""	    190.6360	   1009.99	    2.0	    00000000     00000000	   1	[       ]
109   	0     	     56	              ""	    191.6440	   1008.00	    2.0	    00000000     00000000	   1	[       ]
110   	0     	     53	              ""	    192.6520	   1008.00	    2.0	    00000000     00000000	   1	[       ]
111   	0     	     53	              ""	    193.6600	   1008.01	    2.0	    00000000     00000000	   1	[       ]
112   	0     	     53	              ""	    194.6680	   1008.00	    2.0	    00000000     00000000	   1	[       ]
113   	0     	     57	              ""	    195.6780	   1009.99	    2.0	    00000000     00000000	   1	[       ]
114   	0     	     57	              ""	    196.6860	   1008.01	    2.0	    00000000     00000000	   1	[       ]
115   	0     	     57	              ""	    197.6940	   1008.00	    2.0	    00000000     00000000	   1	[       ]
116   	0     	     54	              ""	    198.7020	   1008.00	    2.0	    00000000     00000000	   1	[       ]
117   	0     	     54	              ""	    199.7100	   1008.01	    2.0	    00000000     00000000	   1	[       ]
118   	0     	     54	              ""	    200.7200	   1009.99	    2.0	    00000000     00000000	   1	[       ]
119   	0     	     52	              ""	    201.7280	   1008.00	    2.0	    00000000     00000000	   1	[       ]
120   	0     	     52	              ""	    202.7360	   1008.00	    2.0	    00000000     00000000	   1	[       ]
121   	0     	     52	              ""	    203.7440	   1008.01	    2.0	    00000000     00000000	   1	[       ]
122   	0     	     64	              ""	    204.7540	   1009.99	    2.0	    00000000     00000000	   1	[       ]
123   	0     	     64	              ""	    205.7620	   1008.00	    2.0	    00000000     00000000	   1	[       ]
124   	0     	     64	              ""	    206.7700	   1008.01	    2.0	    00000000     00000000	   1	[       ]
125   	0     	     67	              ""	    207.7780	   1008.00	    2.0	    00000000     00000000	   1	[       ]
126   	0     	     67	              ""	    208.7860	   1008.00	    2.0	    00000000     00000000	   1	[       ]
127   	0     	     67	              ""	    209.7960	   1010.01	    2.0	    00000000     00000000	   1	[       ]
128   	0     	     65	              ""	    210.8040	   1008.00	    2.0	    00000000     00000000	   1	[       ]
129   	0     	     65	              ""	    211.8120	   1008.00	    2.0	    00000000     00000000	   1	[       ]
130   	0     	     65	              ""	    212.8200	   1008.01	    2.0	    00000000     00000000	   1	[       ]
131   	0     	     62	              ""	    213.8280	   1008.00	    2.0	    00000000     00000000	   1	[       ]
132   	0     	     62	              ""	    214.8380	   1009.99	    2.0	    00000000     00000000	   1	[       ]
133   	0     	     62	              ""	    215.8460	   1008.00	    2.0	    00000000     00000000	   1	[       ]
134   	0     	     63	              ""	    216.8540	   1008.01	    2.0	    00000000     00000000	   1	[       ]
135   	0     	     63	              ""	    217.8620	   1008.00	    2.0	    00000000     00000000	   1	[       ]
136   	0     	     63	              ""	    218.8720	   1009.99	    2.0	    00000000     00000000	   1	[       ]
137   	0     	     68	              ""	    219.8800	   1008.01	    2.0	    00000000     00000000	   1	[       ]
138   	0     	     68	              ""	    220.8880	   1008.00	    2.0	    00000000     00000000	   1	[       ]
139   	0     	     68	              ""	    221.8960	   1008.00	    2.0	    00000000     00000000	   1	[       ]
140   	0     	     61	              ""	    222.9040	   1008.01	    2.0	    00000000     00000000	   1	[       ]
141   	0     	     61	              ""	    223.9140	   1009.99	    2.0	    00000000     00000000	   1	[       ]
142   	0     	     61	              ""	    224.9220	   1008.00	    2.0	    00000000     00000000	   1	[       ]
143   	0     	     66	              ""	    225.9300	   1008.00	    2.0	    00000000     00000000	   1	[       ]
144   	0     	     66	              ""	    226.9380	   1008.01	    2.0	    00000000     00000000	   1	[       ]
145   	0     	     66	              ""	    227.9460	   1008.00	    2.0	    00000000     00000000	   1	[       ]
146   	0     	     73	              ""	    228.9560	   1009.99	    2.0	    00000000     00000000	   1	[       ]
147   	0     	     73	              ""	    229.9640	   1008.01	    2.0	    00000000     00000000	   1	[       ]
148   	0     	     73	              ""	    230.9720	   1008.00	    2.0	    00000000     00000000	   1	[       ]
149   	0     	     77	              ""	    231.9800	   1008.00	    2.0	    00000000     00000000	   1	[       ]
150   	0     	     77	              ""	    232.9900	   1010.01	    2.0	    00000000     00000000	   1	[       ]
151   	0     	     77	              ""	    233.9980	   1008.00	    2.0	    00000000     00000000	   1	[       ]
152   	0     	     72	              ""	    235.0060	   1008.00	    2.0	    00000000     00000000	   1	[       ]
153   	0     	     72	              ""	    236.0140	   1008.01	    2.0	    00000000     00000000	   1	[       ]
154   	0     	     72	              ""	    237.0220	   1008.00	    2.0	    00000000     00000000	   1	[       ]
155   	0     	     75	              ""	    238.0320	   1009.99	    2.0	    00000000     00000000	   1	[       ]
156   	0     	     75	              ""	    239.0400	   1008.00	    2.0	    00000000     00000000	   1	[       ]
157   	0     	     75	              ""	    240.0480	   1008.01	    2.0	    00000000     00000000	   1	[       ]
158   	0     	     74	              ""	    241.0560	   1008.00	    2.0	    00000000     00000000	   1	[       ]
159   	0     	     74	              ""	    242.0640	   1008.00	    2.0	    00000000     00000000	   1	[       ]
160   	0     	     74	              ""	    243.0740	   1010.01	    2.0	    00000000     00000000	   1	[       ]
161   	0     	     78	              ""	    244.0820	   1008.00	    2.0	    00000000     00000000	   1	[       ]
162   	0     	     78	              ""	    245.0900	   1008.00	    2.0	    00000000     00000000	   1	[       ]
163   	0     	     78	              ""	    246.0980	   1008.01	    2.0	    00000000     00000000	   1	[       ]
164   	0     	     76	              ""	    247.1080	   1009.99	    2.0	    00000000     00000000	   1	[       ]
165   	0     	     76	              ""	    248.1160	   1008.00	    2.0	    00000000     00000000	   1	[       ]
166   	0     	     76	              ""	    249.1240	   1008.00	    2.0	    00000000     00000000	   1	[       ]
167   	0     	     71	              ""	    250.1320	   1008.01	    2.0	    00000000     00000000	   1	[       ]
168   	0     	     71	              ""	    251.1400	   1008.00	    2.0	    00000000     00000000	   1	[       ]
169   	0     	     71	              ""	    252.1500	   1009.99	    2.0	    00000000     00000000	   1	[       ]
170   	0     	     84	              ""	    253.1580	   1008.01	    2.0	    00000000     00000000	   1	[       ]
171   	0     	     84	              ""	    254.1660	   1008.00	    2.0	    00000000     00000000	   1	[       ]
172   	0     	     84	              ""	    255.1740	   1008.00	    2.0	    00000000     00000000	   1	[       ]
173   	0     	     87	              ""	    256.1820	   1008.01	    2.0	    00000000     00000000	   1	[       ]
174   	0     	     87	              ""	    257.1920	   1009.98	    2.0	    00000000     00000000	   1	[       ]
175   	0     	     87	              ""	    258.2000	   1008.03	    2.0	    00000000     00000000	   1	[       ]
176   	0     	     81	              ""	    259.2080	   1008.00	    2.0	    00000000     00000000	   1	[       ]
177   	0     	     81	              ""	    260.2160	   1008.00	    2.0	    00000000     00000000	   1	[       ]
178   	0     	     81	              ""	    261.2260	   1010.01	    2.0	    00000000     00000000	   1	[       ]
179   	0     	     82	              ""	    262.2340	   1008.00	    2.0	    00000000     00000000	   1	[       ]
180   	0     	     82	              ""	    263.2420	   1008.00	    2.0	    00000000     00000000	   1	[       ]
181   	0     	     82	              ""	    264.2500	   1008.00	    2.0	    00000000     00000000	   1	[       ]
182   	0     	     88	              ""	    265.2580	   1008.00	    2.0	    00000000     00000000	   1	[       ]
183   	0     	     88	              ""	    266.2680	   1010.01	    2.0	    00000000     00000000	   1	[       ]
184   	0     	     88	              ""	    267.2760	   1008.00	    2.0	    00000000     00000000	   1	[       ]
185   	0     	     86	              ""	    268.2840	   1008.00	    2.0	    00000000     00000000	   1	[       ]
186   	0     	     86	              ""	    269.2920	   1008.00	    2.0	    00000000     00000000	   1	[       ]
187   	0     	     86	              ""	    270.3020	   1010.01	    2.0	    00000000     00000000	   1	[       ]
188   	0     	     83	              ""	    271.3100	   1008.00	    2.0	    00000000     00000000	   1	[       ]
189   	0     	     83	              ""	    272.3180	   1008.00	    2.0	    00000000     00000000	   1	[       ]
190   	0     	     83	              ""	    273.3260	   1008.00	    2.0	    00000000     00000000	   1	[       ]
191   	0     	     85	              ""	    274.3340	   1008.03	    2.0	    00000000     00000000	   1	[       ]
192   	0     	     85	              ""	    275.3440	   1009.98	    2.0	    00000000     00000000	   1	[       ]
193   	0     	     85	              ""	    276.3520	   1008.00	    2.0	    00000000     00000000	   1	[       ]
194   	0     	     91	              ""	    277.3600	   1008.00	    2.0	    00000000     00000000	   1	[       ]
195   	0     	     91	              ""	    278.3680	   1008.03	    2.0	    00000000     00000000	   1	[       ]
196   	0     	     91	              ""	    279.3760	   1008.00	    2.0	    00000000     00000000	   1	[       ]
197   	0     	     92	              ""	    280.3860	   1009.98	    2.0	    00000000     00000000	   1	[       ]
198   	0     	     92	              ""	    281.3940	   1008.03	    2.0	    00000000     00000000	   1	[       ]
199   	0     	     92	              ""	    282.4020	   1008.00	    2.0	    00000000     00000000	   1	[       ]
200   	0     	     94	              ""	    283.4100	   1008.00	    2.0	    00000000     00000000	   1	[       ]
201   	0     	     94	              ""	    284.4200	   1010.01	    2.0	    00000000     00000000	   1	[       ]
202   	0     	     94	              ""	    285.4280	   1008.00	    2.0	    00000000     00000000	   1	[       ]
203   	0     	     95	              ""	    286.4360	   1008.00	    2.0	    00000000     00000000	   1	[       ]
204   	0     	     95	              ""	    287.4440	   1008.00	    2.0	    00000000     00000000	   1	[       ]
205   	0     	     95	              ""	    288.4520	   1008.00	    2.0	    00000000     00000000	   1	[       ]
206   	0     	     97	              ""	    289.4620	   1010.01	    2.0	    00000000     00000000	   1	[       ]
207   	0     	     97	              ""	    290.4700	   1008.00	    2.0	    00000000     00000000	   1	[       ]
208   	0     	     97	              ""	    291.4780	   1008.00	    2.0	    00000000     00000000	   1	[       ]
209   	0     	     93	              ""	    292.4860	   1008.00	    2.0	    00000000     00000000	   1	[       ]
210   	0     	     93	              ""	    293.4940	   1008.00	    2.0	    00000000     00000000	   1	[       ]
211   	0     	     93	              ""	    294.5040	   1010.01	    2.0	    00000000     00000000	   1	[       ]
212   	0     	     98	              ""	    295.5120	   1008.00	    2.0	    00000000     00000000	   1	[       ]
213   	0     	     98	              ""	    296.5200	   1008.00	    2.0	    00000000     00000000	   1	[       ]
214   	0     	     98	              ""	    297.5280	   1008.03	    2.0	    00000000     00000000	   1	[       ]
215   	0     	     96	              ""	    298.5380	   1009.98	    2.0	    00000000     00000000	   1	[       ]
216   	0     	     96	              ""	    299.5460	   1008.00	    2.0	    00000000     00000000	   1	[       ]
217   	0     	     96	              ""	    300.5540	   1008.00	    2.0	    00000000     00000000	   1	[       ]
218   	0     	    101	              ""	    301.5620	   1008.03	    2.0	    00000000     00000000	   1	[       ]
219   	0     	    101	              ""	    302.5700	   1008.00	    2.0	    00000000     00000000	   1	[       ]
220   	0     	    101	              ""	    303.5800	   1009.98	    2.0	    00000000     00000000	   1	[       ]
221   	0     	    102	              ""	    304.5880	   1008.03	    2.0	    00000000     00000000	   1	[       ]
222   	0     	    102	              ""	    305.5960	   1008.00	    2.0	    00000000     00000000	   1	[       ]
223   	0     	    102	              ""	    306.6040	   1008.00	    2.0	    00000000     00000000	   1	[       ]
224   	0     	    104	              ""	    307.6120	   1008.00	    2.0	    00000000     00000000	   1	[       ]
225   	0     	    104	              ""	    308.6220	   1010.01	    2.0	    00000000     00000000	   1	[       ]
226   	0     	    104	              ""	    309.6300	   1008.00	    2.0	    00000000     00000000	   1	[       ]
227   	0     	    103	              ""	    310.6380	   1008.00	    2.0	    00000000     00000000	   1	[       ]
228   	0     	    103	              ""	    311.6460	   1008.00	    2.0	    00000000     00000000	   1	[       ]
229   	0     	    103	              ""	    312.6560	   1010.01	    2.0	    00000000     00000000	   1	[       ]
230   	0     	    105	              ""	    313.6640	   1008.00	    2.0	    00000000     00000000	   1	[       ]
231   	0     	    105	              ""	    314.6720	   1008.00	    2.0	    00000000     00000000	   1	[       ]
232   	0     	    105	              ""	    315.6800	   1008.00	    2.0	    00000000     00000000	   1	[       ]
233   	0     	    106	              ""	    316.6880	   1008.00	    2.0	    00000000     00000000	   1	[       ]
234   	0     	    106	              ""	    317.6980	   1010.01	    2.0	    00000000     00000000	   1	[       ]
235   	0     	    106	              ""	    318.7060	   1008.00	    2.0	    00000000     00000000	   1	[       ]
236   	0     	    108	              ""	    319.7140	   1008.00	    2.0	    00000000     00000000	   1	[       ]
237   	0     	    108	              ""	    320.7220	   1008.00	    2.0	    00000000     00000000	   1	[       ]
238   	0     	    108	              ""	    321.7300	   1008.03	    2.0	    00000000     00000000	   1	[       ]
239   	0     	    107	              ""	    322.7400	   1009.98	    2.0	    00000000     00000000	   1	[       ]
240   	0     	    107	              ""	    323.7480	   1008.00	    2.0	    00000000     00000000	   1	[       ]
241   	0     	    107	              ""	    324.7560	   1008.03	    2.0	    00000000     00000000	   1	[       ]
242   	0     	    114	              ""	    325.7640	   1008.00	    2.0	    00000000     00000000	   1	[       ]
243   	0     	    114	              ""	    326.7740	   1009.98	    2.0	    00000000     00000000	   1	[       ]
244   	0     	    114	              ""	    327.7820	   1008.03	    2.0	    00000000     00000000	   1	[       ]
245   	0     	    118	              ""	    328.7900	   1008.00	    2.0	    00000000     00000000	   1	[       ]
246   	0     	    118	              ""	    329.7980	   1008.00	    2.0	    00000000     00000000	   1	[       ]
247   	0     	    118	              ""	    330.8060	   1008.00	    2.0	    00000000     00000000	   1	[       ]
248   	0     	    112	              ""	    331.8160	   1010.01	    2.0	    00000000     00000000	   1	[       ]
249   	0     	    112	              ""	    332.8240	   1008.00	    2.0	    00000000     00000000	   1	[       ]
250   	0     	    112	              ""	    333.8320	   1008.00	    2.0	    00000000     00000000	   1	[       ]
251   	0     	    113	              ""	    334.8400	   1008.00	    2.0	    00000000     00000000	   1	[       ]
252   	0     	    113	              ""	    335.8480	   1008.00	    2.0	    00000000     00000000	   1	[       ]
253   	0     	    113	              ""	    336.8580	   1010.01	    2.0	    00000000     00000000	   1	[       ]
254   	0     	    116	              ""	    337.8660	   1008.00	    2.0	    00000000     00000000	   1	[       ]
255   	0     	    116	              ""	    338.8740	   1008.00	    2.0	    00000000     00000000	   1	[       ]
256   	0     	    116	              ""	    339.8820	   1008.00	    2.0	    00000000     00000000	   1	[       ]
257   	0     	    111	              ""	    340.8920	   1010.01	    2.0	    00000000     00000000	   1	[       ]
258   	0     	    111	              ""	    341.9000	   1008.00	    2.0	    00000000     00000000	   1	[       ]
259   	0     	    111	              ""	    342.9080	   1008.00	    2.0	    00000000     00000000	   1	[       ]
260   	0     	    115	              ""	    343.9160	   1008.00	    2.0	    00000000     00000000	   1	[       ]
261   	0     	    115	              ""	    344.9240	   1008.03	    2.0	    00000000     00000000	   1	[       ]
262   	0     	    115	              ""	    345.9340	   1009.98	    2.0	    00000000     00000000	   1	[       ]
263   	0     	    117	              ""	    346.9420	   1008.00	    2.0	    00000000     00000000	   1	[       ]
264   	0     	    117	              ""	    347.9500	   1008.03	    2.0	    00000000     00000000	   1	[       ]
265   	0     	    117	              ""	    348.9580	   1008.00	    2.0	    00000000     00000000	   1	[       ]
266   	0     	    125	              ""	    349.9680	   1009.98	    2.0	    00000000     00000000	   1	[       ]
267   	0     	    125	              ""	    350.9760	   1008.03	    2.0	    00000000     00000000	   1	[       ]
268   	0     	    125	              ""	    351.9840	   1008.00	    2.0	    00000000     00000000	   1	[       ]
269   	0     	    126	              ""	    352.9920	   1008.00	    2.0	    00000000     00000000	   1	[       ]
270   	0     	    126	              ""	    354.0000	   1008.00	    2.0	    00000000     00000000	   1	[       ]
271   	0     	    126	              ""	    355.0100	   1010.01	    2.0	    00000000     00000000	   1	[       ]
272   	0     	    128	              ""	    356.0180	   1008.00	    2.0	    00000000     00000000	   1	[       ]
273   	0     	    128	              ""	    357.0260	   1008.00	    2.0	    00000000     00000000	   1	[       ]
274   	0     	    128	              ""	    358.0340	   1008.00	    2.0	    00000000     00000000	   1	[       ]
275   	0     	    121	              ""	    359.0420	   1008.00	    2.0	    00000000     00000000	   1	[       ]
276   	0     	    121	              ""	    360.0520	   1010.01	    2.0	    00000000     00000000	   1	[       ]
277   	0     	    121	              ""	    361.0600	   1008.00	    2.0	    00000000     00000000	   1	[       ]
278   	0     	    127	              ""	    362.0680	   1008.00	    2.0	    00000000     00000000	   1	[       ]
279   	0     	    127	              ""	    363.0760	   1008.00	    2.0	    00000000     00000000	   1	[       ]
280   	0     	    127	              ""	    364.0860	   1010.01	    2.0	    00000000     00000000	   1	[       ]
281   	0     	    122	              ""	    365.0940	   1008.00	    2.0	    00000000     00000000	   1	[       ]
282   	0     	    122	              ""	    366.1020	   1008.00	    2.0	    00000000     00000000	   1	[       ]
283   	0     	    122	              ""	    367.1100	   1008.00	    2.0	    00000000     00000000	   1	[       ]
284   	0     	    124	              ""	    368.1180	   1008.03	    2.0	    00000000     00000000	   1	[       ]
285   	0     	    124	              ""	    369.1280	   1009.98	    2.0	    00000000     00000000	   1	[       ]
286   	0     	    124	              ""	    370.1360	   1008.00	    2.0	    00000000     00000000	   1	[       ]
287   	0     	    123	              ""	    371.1440	   1008.03	    2.0	    00000000     00000000	   1	[       ]
288   	0     	    123	              ""	    372.1520	   1008.00	    2.0	    00000000     00000000	   1	[       ]
289   	0     	    123	              ""	    373.1600	   1008.00	    2.0	    00000000     00000000	   1	[       ]
290   	0     	    135	              ""	    374.1700	   1010.01	    2.0	    00000000     00000000	   1	[       ]
291   	0     	    135	              ""	    375.1780	   1008.00	    2.0	    00000000     00000000	   1	[       ]
292   	0     	    135	              ""	    376.1860	   1008.00	    2.0	    00000000     00000000	   1	[       ]
293   	0     	    136	              ""	    377.1940	   1008.00	    2.0	    00000000     00000000	   1	[       ]
294   	0     	    136	              ""	    378.2040	   1010.01	    2.0	    00000000     00000000	   1	[       ]
295   	0     	    136	              ""	    379.2120	   1008.00	    2.0	    00000000     00000000	   1	[       ]
296   	0     	    133	              ""	    380.2200	   1008.00	    2.0	    00000000     00000000	   1	[       ]
297   	0     	    133	              ""	    381.2280	   1008.00	    2.0	    00000000     00000000	   1	[       ]
298   	0     	    133	              ""	    382.2360	   1008.00	    2.0	    00000000     00000000	   1	[       ]
299   	0     	    138	              ""	    383.2460	   1010.01	    2.0	    00000000     00000000	   1	[       ]
300   	0     	    138	              ""	    384.2540	   1008.00	    2.0	    00000000     00000000	   1	[       ]
301   	0     	    138	              ""	    385.2620	   1008.00	    2.0	    00000000     00000000	   1	[       ]
302   	0     	    134	              ""	    386.2700	   1008.00	    2.0	    00000000     00000000	   1	[       ]
303   	0     	    134	              ""	    387.2780	   1008.03	    2.0	    00000000     00000000	   1	[       ]
304   	0     	    134	              ""	    388.2880	   1009.98	    2.0	    00000000     00000000	   1	[       ]
305   	0     	    132	              ""	    389.2960	   1008.00	    2.0	    00000000     00000000	   1	[       ]
306   	0     	    132	              ""	    390.3040	   1008.00	    2.0	    00000000     00000000	   1	[       ]
307   	0     	    132	              ""	    391.3120	   1008.03	    2.0	    00000000     00000000	   1	[       ]
308   	0     	    137	              ""	    392.3220	   1009.98	    2.0	    00000000     00000000	   1	[       ]
309   	0     	    137	              ""	    393.3300	   1008.00	    2.0	    00000000     00000000	   1	[       ]
310   	0     	    137	              ""	    394.3380	   1008.03	    2.0	    00000000     00000000	   1	[       ]
311   	0     	    131	              ""	    395.3460	   1008.00	    2.0	    00000000     00000000	   1	[       ]
312   	0     	    131	              ""	    396.3540	   1008.00	    2.0	    00000000     00000000	   1	[       ]
313   	0     	    131	              ""	    397.3640	   1010.01	    2.0	    00000000     00000000	   1	[       ]
314   	0     	    145	              ""	    398.3720	   1008.00	    2.0	    00000000     00000000	   1	[       ]
315   	0     	    145	              ""	    399.3800	   1008.00	    2.0	    00000000     00000000	   1	[       ]
316   	0     	    145	              ""	    400.3880	   1008.00	    2.0	    00000000     00000000	   1	[       ]
317   	0     	    146	              ""	    401.3960	   1008.00	    2.0	    00000000     00000000	   1	[       ]
318   	0     	    146	              ""	    402.4060	   1010.01	    2.0	    00000000     00000000	   1	[       ]
319   	0     	    146	              ""	    403.4140	   1008.00	    2.0	    00000000     00000000	   1	[       ]
320   	0     	    148	              ""	    404.4220	   1008.00	    2.0	    00000000     00000000	   1	[       ]
321   	0     	    148	              ""	    405.4300	   1008.00	    2.0	    00000000     00000000	   1	[       ]
322   	0     	    148	              ""	    406.4400	   1010.01	    2.0	    00000000     00000000	   1	[       ]
323   	0     	    144	              ""	    407.4480	   1008.00	    2.0	    00000000     00000000	   1	[       ]
324   	0     	    144	              ""	    408.4560	   1008.00	    2.0	    00000000     00000000	   1	[       ]
325   	0     	    144	              ""	    409.4640	   1008.00	    2.0	    00000000     00000000	   1	[       ]
326   	0     	    142	              ""	    410.4720	   1008.00	    2.0	    00000000     00000000	   1	[       ]
327   	0     	    142	              ""	    411.4820	   1010.01	    2.0	    00000000     00000000	   1	[       ]
328   	0     	    142	              ""	    412.4900	   1008.00	    2.0	    00000000     00000000	   1	[       ]
329   	0     	    141	              ""	    413.4980	   1008.00	    2.0	    00000000     00000000	   1	[       ]
330   	0     	    141	              ""	    414.5060	   1008.03	    2.0	    00000000     00000000	   1	[       ]
331   	0     	    141	              ""	    415.5160	   1009.98	    2.0	    00000000     00000000	   1	[       ]
332   	0     	    147	              ""	    416.5240	   1008.00	    2.0	    00000000     00000000	   1	[       ]
333   	0     	    147	              ""	    417.5320	   1008.03	    2.0	    00000000     00000000	   1	[       ]
334   	0     	    147	              ""	    418.5400	   1008.00	    2.0	    00000000     00000000	   1	[       ]
335   	0     	    143	              ""	    419.5480	   1008.00	    2.0	    00000000     00000000	   1	[       ]
336   	0     	    143	              ""	    420.5580	   1010.01	    2.0	    00000000     00000000	   1	[       ]
337   	0     	    143	              ""	    421.5660	   1008.00	    2.0	    00000000     00000000	   1	[       ]
338   	0     	    154	              ""	    422.5740	   1008.00	    2.0	    00000000     00000000	   1	[       ]
339   	0     	    154	              ""	    423.5820	   1008.00	    2.0	    00000000     00000000	   1	[       ]
340   	0     	    154	              ""	    424.5900	   1008.00	    2.0	    00000000     00000000	   1	[       ]
341   	0     	    151	              ""	    425.6000	   1010.01	    2.0	    00000000     00000000	   1	[       ]
342   	0     	    151	              ""	    426.6080	   1008.00	    2.0	    00000000     00000000	   1	[       ]
343   	0     	    151	              ""	    427.6160	   1008.00	    2.0	    00000000     00000000	   1	[       ]
344   	0     	    157	              ""	    428.6240	   1008.00	    2.0	    00000000     00000000	   1	[       ]
345   	0     	    157	              ""	    429.6340	   1010.01	    2.0	    00000000     00000000	   1	[       ]
346   	0     	    157	              ""	    430.6420	   1008.00	    2.0	    00000000     00000000	   1	[       ]
347   	0     	    155	              ""	    431.6500	   1008.00	    2.0	    00000000     00000000	   1	[       ]
348   	0     	    155	              ""	    432.6580	   1008.00	    2.0	    00000000     00000000	   1	[       ]
349   	0     	    155	              ""	    433.6660	   1008.00	    2.0	    00000000     00000000	   1	[       ]
350   	0     	    156	              ""	    434.6760	   1010.01	    2.0	    00000000     00000000	   1	[       ]
351   	0     	    156	              ""	    435.6840	   1008.00	    2.0	    00000000     00000000	   1	[       ]
352   	0     	    156	              ""	    436.6920	   1008.00	    2.0	    00000000     00000000	   1	[       ]
353   	0     	    158	              ""	    437.7000	   1008.03	    2.0	    00000000     00000000	   1	[       ]
354   	0     	    158	              ""	    438.7080	   1008.00	    2.0	    00000000     00000000	   1	[       ]
355   	0     	    158	              ""	    439.7180	   1009.98	    2.0	    00000000     00000000	   1	[       ]
356   	0     	    153	              ""	    440.7260	   1008.03	    2.0	    00000000     00000000	   1	[       ]
357   	0     	    153	              ""	    441.7340	   1008.00	    2.0	    00000000     00000000	   1	[       ]
358   	0     	    153	              ""	    442.7420	   1008.00	    2.0	    00000000     00000000	   1	[       ]
359   	0     	    152	              ""	    443.7520	   1010.01	    2.0	    00000000     00000000	   1	[       ]
360   	0     	    152	              ""	    444.7600	   1008.00	    2.0	    00000000     00000000	   1	[       ]
361   	0     	    152	              ""	    445.7680	   1008.00	    2.0	    00000000     00000000	   1	[       ]
362   	0     	    161	              ""	    446.7760	   1008.00	    2.0	    00000000     00000000	   1	[       ]
363   	0     	    161	              ""	    447.7840	   1008.00	    2.0	    00000000     00000000	   1	[       ]
364   	0     	    161	              ""	    448.7940	   1010.01	    2.0	    00000000     00000000	   1	[       ]
365   	0     	    163	              ""	    449.8020	   1008.00	    2.0	    00000000     00000000	   1	[       ]
366   	0     	    163	              ""	    450.8100	   1008.00	    2.0	    00000000     00000000	   1	[       ]
367   	0     	    163	              ""	    451.8180	   1008.00	    2.0	    00000000     00000000	   1	[       ]
368   	0     	    165	              ""	    452.8260	   1008.00	    2.0	    00000000     00000000	   1	[       ]
369   	0     	    165	              ""	    453.8360	   1010.01	    2.0	    00000000     00000000	   1	[       ]
370   	0     	    165	              ""	    454.8440	   1008.00	    2.0	    00000000     00000000	   1	[       ]
371   	0     	    164	              ""	    455.8520	   1008.00	    2.0	    00000000     00000000	   1	[       ]
372   	0     	    164	              ""	    456.8600	   1008.00	    2.0	    00000000     00000000	   1	[       ]
373   	0     	    164	              ""	    457.8700	   1010.01	    2.0	    00000000     00000000	   1	[       ]
374   	0     	    162	              ""	    458.8780	   1008.00	    2.0	    00000000     00000000	   1	[       ]
375   	0     	    162	              ""	    459.8860	   1008.00	    2.0	    00000000     00000000	   1	[       ]
376   	0     	    162	              ""	    460.8940	   1008.03	    2.0	    00000000     00000000	   1	[       ]
377   	0     	    168	              ""	    461.9020	   1008.00	    2.0	    00000000     00000000	   1	[       ]
378   	0     	    168	              ""	    462.9120	   1009.98	    2.0	    00000000     00000000	   1	[       ]
379   	0     	    168	              ""	    463.9200	   1008.03	    2.0	    00000000     00000000	   1	[       ]
380   	0     	    167	              ""	    464.9280	   1008.00	    2.0	    00000000     00000000	   1	[       ]
381   	0     	    167	              ""	    465.9360	   1008.00	    2.0	    00000000     00000000	   1	[       ]
382   	0     	    167	              ""	    466.9440	   1008.00	    2.0	    00000000     00000000	   1	[       ]
383   	0     	    166	              ""	    467.9540	   1010.01	    2.0	    00000000     00000000	   1	[       ]
384   	0     	    166	              ""	    468.9620	   1008.00	    2.0	    00000000     00000000	   1	[       ]
385   	0     	    166	              ""	    469.9700	   1008.00	    2.0	    00000000     00000000	   1	[       ]
386   	0     	    178	              ""	    470.9780	   1008.00	    2.0	    00000000     00000000	   1	[       ]
387   	0     	    178	              ""	    471.9880	   1010.01	    2.0	    00000000     00000000	   1	[       ]
388   	0     	    178	              ""	    472.9960	   1008.00	    2.0	    00000000     00000000	   1	[       ]
389   	0     	    174	              ""	    474.0040	   1008.00	    2.0	    00000000     00000000	   1	[       ]
390   	0     	    174	              ""	    475.0120	   1008.00	    2.0	    00000000     00000000	   1	[       ]
391   	0     	    174	              ""	    476.0200	   1008.00	    2.0	    00000000     00000000	   1	[       ]
392   	0     	    175	              ""	    477.0300	   1010.01	    2.0	    00000000     00000000	   1	[       ]
393   	0     	    175	              ""	    478.0380	   1008.00	    2.0	    00000000     00000000	   1	[       ]
394   	0     	    175	              ""	    479.0460	   1008.00	    2.0	    00000000     00000000	   1	[       ]
395   	0     	    173	              ""	    480.0540	   1008.00	    2.0	    00000000     00000000	   1	[       ]
396   	0     	    173	              ""	    481.0620	   1008.03	    2.0	    00000000     00000000	   1	[       ]
397   	0     	    173	              ""	    482.0720	   1009.98	    2.0	    00000000     00000000	   1	[       ]
398   	0     	    176	              ""	    483.0800	   1008.00	    2.0	    00000000     00000000	   1	[       ]
399   	0     	    176	              ""	    484.0880	   1008.03	    2.0	    00000000     00000000	   1	[       ]
400   	0     	    176	              ""	    485.0960	   1008.00	    2.0	    00000000     00000000	   1	[       ]
401   	0     	    172	              ""	    486.1060	   1009.98	    2.0	    00000000     00000000	   1	[       ]
402   	0     	    172	              ""	    487.1140	   1008.03	    2.0	    00000000     00000000	   1	[       ]
403   	0     	    172	              ""	    488.1220	   1008.00	    2.0	    00000000     00000000	   1	[       ]
404   	0     	    171	              ""	    489.1300	   1008.00	    2.0	    00000000     00000000	   1	[       ]
405   	0     	    171	              ""	    490.1380	   1008.00	    2.0	    00000000     00000000	   1	[       ]
406   	0     	    171	              ""	    491.1480	   1010.01	    2.0	    00000000     00000000	   1	[       ]
407   	0     	    177	              ""	    492.1560	   1008.00	    2.0	    00000000     00000000	   1	[       ]
408   	0     	    177	              ""	    493.1640	   1008.00	    2.0	    00000000     00000000	   1	[       ]
409   	0     	    177	              ""	    494.1720	   1008.00	    2.0	    00000000     00000000	   1	[       ]
410   	0     	    186	              ""	    495.1820	   1010.01	    2.0	    00000000     00000000	   1	[       ]
411   	0     	    186	              ""	    496.1900	   1008.00	    2.0	    00000000     00000000	   1	[       ]
412   	0     	    186	              ""	    497.1980	   1008.00	    2.0	    00000000     00000000	   1	[       ]
413   	0     	    181	              ""	    498.2060	   1008.00	    2.0	    00000000     00000000	   1	[       ]
414   	0     	    181	              ""	    499.2140	   1008.00	    2.0	    00000000     00000000	   1	[       ]
415   	0     	    181	              ""	    500.2240	   1010.01	    2.0	    00000000     00000000	   1	[       ]
416   	0     	    183	              ""	    501.2320	   1008.00	    2.0	    00000000     00000000	   1	[       ]
417   	0     	    183	              ""	    502.2400	   1008.00	    2.0	    00000000     00000000	   1	[       ]
418   	0     	    183	              ""	    503.2480	   1008.00	    2.0	    00000000     00000000	   1	[       ]
419   	0     	    184	              ""	    504.2560	   1008.03	    2.0	    00000000     00000000	   1	[       ]
420   	0     	    184	              ""	    505.2660	   1009.98	    2.0	    00000000     00000000	   1	[       ]
421   	0     	    184	              ""	    506.2740	   1008.00	    2.0	    00000000     00000000	   1	[       ]
422   	0     	    182	              ""	    507.2820	   1008.03	    2.0	    00000000     00000000	   1	[       ]
423   	0     	    182	              ""	    508.2900	   1008.00	    2.0	    00000000     00000000	   1	[       ]
424   	0     	    182	              ""	    509.3000	   1009.98	    2.0	    00000000     00000000	   1	[       ]
425   	0     	    185	              ""	    510.3080	   1008.03	    2.0	    00000000     00000000	   1	[       ]
426   	0     	    185	              ""	    511.3160	   1008.00	    2.0	    00000000     00000000	   1	[       ]
427   	0     	    185	              ""	    512.3240	   1007.97	    2.0	    00000000     00000000	   1	[       ]
428   	0     	    187	              ""	    513.3320	   1008.00	    2.0	    00000000     00000000	   1	[       ]
429   	0     	    187	              ""	    514.3420	   1010.01	    2.0	    00000000     00000000	   1	[       ]
430   	0     	    187	              ""	    515.3500	   1008.00	    2.0	    00000000     00000000	   1	[       ]
431   	0     	    188	              ""	    516.3580	   1008.00	    2.0	    00000000     00000000	   1	[       ]
432   	0     	    188	              ""	    517.3660	   1008.06	    2.0	    00000000     00000000	   1	[       ]
433   	0     	    188	              ""	    518.3740	   1008.00	    2.0	    00000000     00000000	   1	[       ]
434   	0     	    192	              ""	    519.3840	   1009.95	    2.0	    00000000     00000000	   1	[       ]
435   	0     	    192	              ""	    520.3920	   1008.06	    2.0	    00000000     00000000	   1	[       ]
436   	0     	    192	              ""	    521.4000	   1008.00	    2.0	    00000000     00000000	   1	[       ]
437   	0     	    193	              ""	    522.4080	   1008.00	    2.0	    00000000     00000000	   1	[       ]
438   	0     	    193	              ""	    523.4180	   1010.01	    2.0	    00000000     00000000	   1	[       ]
439   	0     	    193	              ""	    524.4260	   1008.00	    2.0	    00000000     00000000	   1	[       ]
440   	0     	    198	              ""	    525.4340	   1008.00	    2.0	    00000000     00000000	   1	[       ]
441   	0     	    198	              ""	    526.4420	   1008.00	    2.0	    00000000     00000000	   1	[       ]
442   	0     	    198	              ""	    527.4500	   1008.00	    2.0	    00000000     00000000	   1	[       ]
443   	0     	    194	              ""	    528.4600	   1010.01	    2.0	    00000000     00000000	   1	[       ]
444   	0     	    194	              ""	    529.4680	   1008.00	    2.0	    00000000     00000000	   1	[       ]
445   	0     	    194	              ""	    530.4760	   1008.00	    2.0	    00000000     00000000	   1	[       ]
446   	0     	    197	              ""	    531.4840	   1008.00	    2.0	    00000000     00000000	   1	[       ]
447   	0     	    197	              ""	    532.4920	   1008.00	    2.0	    00000000     00000000	   1	[       ]
448   	0     	    197	              ""	    533.5020	   1010.01	    2.0	    00000000     00000000	   1	[       ]
449   	0     	    195	              ""	    534.5100	   1008.00	    2.0	    00000000     00000000	   1	[       ]
450   	0     	    195	              ""	    535.5180	   1008.00	    2.0	    00000000     00000000	   1	[       ]
451   	0     	    195	              ""	    536.5260	   1008.00	    2.0	    00000000     00000000	   1	[       ]
452   	0     	    196	              ""	    537.5360	   1010.01	    2.0	    00000000     00000000	   1	[       ]
453   	0     	    196	              ""	    538.5440	   1008.00	    2.0	    00000000     00000000	   1	[       ]
454   	0     	    196	              ""	    539.5520	   1008.00	    2.0	    00000000     00000000	   1	[       ]
455   	0     	    191	              ""	    540.5600	   1008.00	    2.0	    00000000     00000000	   1	[       ]
456   	0     	    191	              ""	    541.5680	   1008.00	    2.0	    00000000     00000000	   1	[       ]
457   	0     	    191	              ""	    542.5780	   1010.01	    2.0	    00000000     00000000	   1	[       ]
458   	0     	    205	              ""	    543.5860	   1008.00	    2.0	    00000000     00000000	   1	[       ]
459   	0     	    205	              ""	    544.5940	   1008.00	    2.0	    00000000     00000000	   1	[       ]
460   	0     	    205	              ""	    545.6020	   1008.00	    2.0	    00000000     00000000	   1	[       ]
461   	0     	    206	              ""	    546.6100	   1008.00	    2.0	    00000000     00000000	   1	[       ]
462   	0     	    206	              ""	    547.6200	   1010.01	    2.0	    00000000     00000000	   1	[       ]
463   	0     	    206	              ""	    548.6280	   1008.00	    2.0	    00000000     00000000	   1	[       ]
464   	0     	    203	              ""	    549.6360	   1008.00	    2.0	    00000000     00000000	   1	[       ]
465   	0     	    203	              ""	    550.6440	   1008.00	    2.0	    00000000     00000000	   1	[       ]
466   	0     	    203	              ""	    551.6540	   1010.01	    2.0	    00000000     00000000	   1	[       ]
467   	0     	    207	              ""	    552.6620	   1008.00	    2.0	    00000000     00000000	   1	[       ]
468   	0     	    207	              ""	    553.6700	   1008.00	    2.0	    00000000     00000000	   1	[       ]
469   	0     	    207	              ""	    554.6780	   1008.00	    2.0	    00000000     00000000	   1	[       ]
470   	0     	    201	              ""	    555.6860	   1008.00	    2.0	    00000000     00000000	   1	[       ]
471   	0     	    201	              ""	    556.6960	   1010.01	    2.0	    00000000     00000000	   1	[       ]
472   	0     	    201	              ""	    557.7040	   1008.00	    2.0	    00000000     00000000	   1	[       ]
473   	0     	    208	              ""	    558.7120	   1008.00	    2.0	    00000000     00000000	   1	[       ]
474   	0     	    208	              ""	    559.7200	   1008.00	    2.0	    00000000     00000000	   1	[       ]
475   	0     	    208	              ""	    560.7300	   1010.01	    2.0	    00000000     00000000	   1	[       ]
476   	0     	    202	              ""	    561.7380	   1008.00	    2.0	    00000000     00000000	   1	[       ]
477   	0     	    202	              ""	    562.7460	   1008.00	    2.0	    00000000     00000000	   1	[       ]
478   	0     	    202	              ""	    563.7540	   1008.06	    2.0	    00000000     00000000	   1	[       ]
479   	0     	    204	              ""	    564.7620	   1008.00	    2.0	    00000000     00000000	   1	[       ]
480   	0     	    204	              ""	    565.7720	   1009.95	    2.0	    00000000     00000000	   1	[       ]
481   	0     	    204	              ""	    566.7800	   1008.06	    2.0	    00000000     00000000	   1	[       ]
482   	0     	    213	              ""	    567.7880	   1008.00	    2.0	    00000000     00000000	   1	[       ]
483   	0     	    213	              ""	    568.7960	   1008.00	    2.0	    00000000     00000000	   1	[       ]
484   	0     	    213	              ""	    569.8040	   1008.00	    2.0	    00000000     00000000	   1	[       ]
485   	0     	    218	              ""	    570.8140	   1010.01	    2.0	    00000000     00000000	   1	[       ]
486   	0     	    218	              ""	    571.8220	   1008.00	    2.0	    00000000     00000000	   1	[       ]
487   	0     	    218	              ""	    572.8300	   1008.00	    2.0	    00000000     00000000	   1	[       ]
488   	0     	    215	              ""	    573.8380	   1008.00	    2.0	    00000000     00000000	   1	[       ]
489   	0     	    215	              ""	    574.8480	   1010.01	    2.0	    00000000     00000000	   1	[       ]
490   	0     	    215	              ""	    575.8560	   1008.00	    2.0	    00000000     00000000	   1	[       ]
491   	0     	    211	              ""	    576.8640	   1008.00	    2.0	    00000000     00000000	   1	[       ]
492   	0     	    211	              ""	    577.8720	   1008.00	    2.0	    00000000     00000000	   1	[       ]
493   	0     	    211	              ""	    578.8800	   1008.00	    2.0	    00000000     00000000	   1	[       ]
494   	0     	    217	              ""	    579.8900	   1010.01	    2.0	    00000000     00000000	   1	[       ]
495   	0     	    217	              ""	    580.8980	   1008.00	    2.0	    00000000     00000000	   1	[       ]
496   	0     	    217	              ""	    581.9060	   1008.00	    2.0	    00000000     00000000	   1	[       ]
497   	0     	    216	              ""	    582.9140	   1008.00	    2.0	    00000000     00000000	   1	[       ]
498   	0     	    216	              ""	    583.9220	   1008.00	    2.0	    00000000     00000000	   1	[       ]
499   	0     	    216	              ""	    584.9320	   1010.01	    2.0	    00000000     00000000	   1	[       ]
500   	0     	    212	              ""	    585.9400	   1008.00	    2.0	    00000000     00000000	   1	[       ]
501   	0     	    212	              ""	    586.9480	   1008.00	    2.0	    00000000     00000000	   1	[       ]
502   	0     	    212	              ""	    587.9560	   1008.00	    2.0	    00000000     00000000	   1	[       ]
503   	0     	    214	              ""	    588.9660	   1010.01	    2.0	    00000000     00000000	   1	[       ]
504   	0     	    214	              ""	    589.9740	   1008.00	    2.0	    00000000     00000000	   1	[       ]
505   	0     	    214	              ""	    590.9820	   1008.00	    2.0	    00000000     00000000	   1	[       ]
506   	0     	    223	              ""	    591.9900	   1008.00	    2.0	    00000000     00000000	   1	[       ]
507   	0     	    223	              ""	    592.9980	   1008.00	    2.0	    00000000     00000000	   1	[       ]
508   	0     	    223	              ""	    594.0080	   1010.01	    2.0	    00000000     00000000	   1	[       ]
509   	0     	    225	              ""	    595.0160	   1008.00	    2.0	    00000000     00000000	   1	[       ]
510   	0     	    225	              ""	    596.0240	   1008.00	    2.0	    00000000     00000000	   1	[       ]
511   	0     	    225	              ""	    597.0320	   1008.00	    2.0	    00000000     00000000	   1	[       ]
512   	0     	    228	              ""	    598.0400	   1008.00	    2.0	    00000000     00000000	   1	[       ]
513   	0     	    228	              ""	    599.0500	   1010.01	    2.0	    00000000     00000000	   1	[       ]
514   	0     	    228	              ""	    600.0580	   1008.00	    2.0	    00000000     00000000	   1	[       ]
515   	0     	    226	              ""	    601.0660	   1008.00	    2.0	    00000000     00000000	   1	[       ]
516   	0     	    226	              ""	    602.0740	   1008.00	    2.0	    00000000     00000000	   1	[       ]
517   	0     	    226	              ""	    603.0840	   1010.01	    2.0	    00000000     00000000	   1	[       ]
518   	0     	    222	              ""	    604.0920	   1008.00	    2.0	    00000000     00000000	   1	[       ]
519   	0     	    222	              ""	    605.1000	   1008.00	    2.0	    00000000     00000000	   1	[       ]
520   	0     	    222	              ""	    606.1080	   1008.00	    2.0	    00000000     00000000	   1	[       ]
521   	0     	    224	              ""	    607.1160	   1008.06	    2.0	    00000000     00000000	   1	[       ]
522   	0     	    224	              ""	    608.1260	   1009.95	    2.0	    00000000     00000000	   1	[       ]
523   	0     	    224	              ""	    609.1340	   1008.00	    2.0	    00000000     00000000	   1	[       ]
524   	0     	    221	              ""	    610.1420	   1008.06	    2.0	    00000000     00000000	   1	[       ]
525   	0     	    221	              ""	    611.1500	   1008.00	    2.0	    00000000     00000000	   1	[       ]
526   	0     	    221	              ""	    612.1580	   1008.00	    2.0	    00000000     00000000	   1	[       ]
527   	0     	    227	              ""	    613.1680	   1010.01	    2.0	    00000000     00000000	   1	[       ]
528   	0     	    227	              ""	    614.1760	   1008.00	    2.0	    00000000     00000000	   1	[       ]
529   	0     	    227	              ""	    615.1840	   1008.00	    2.0	    00000000     00000000	   1	[       ]
530   	0     	    233	              ""	    616.1920	   1008.00	    2.0	    00000000     00000000	   1	[       ]
531   	0     	    233	              ""	    617.2020	   1010.01	    2.0	    00000000     00000000	   1	[       ]
532   	0     	    233	              ""	    618.2100	   1008.00	    2.0	    00000000     00000000	   1	[       ]
533   	0     	    238	              ""	    619.2180	   1008.00	    2.0	    00000000     00000000	   1	[       ]
534   	0     	    238	              ""	    620.2260	   1008.00	    2.0	    00000000     00000000	   1	[       ]
535   	0     	    238	              ""	    621.2340	   1008.00	    2.0	    00000000     00000000	   1	[       ]
536   	0     	    234	              ""	    622.2440	   1010.01	    2.0	    00000000     00000000	   1	[       ]
537   	0     	    234	              ""	    623.2520	   1008.00	    2.0	    00000000     00000000	   1	[       ]
538   	0     	    234	              ""	    624.2600	   1008.00	    2.0	    00000000     00000000	   1	[       ]
539   	0     	    231	              ""	    625.2680	   1008.00	    2.0	    00000000     00000000	   1	[       ]
540   	0     	    231	              ""	    626.2780	   1010.01	    2.0	    00000000     00000000	   1	[       ]
541   	0     	    231	              ""	    627.2860	   1008.00	    2.0	    00000000     00000000	   1	[       ]
542   	0     	    235	              ""	    628.2940	   1008.00	    2.0	    00000000     00000000	   1	[       ]
543   	0     	    235	              ""	    629.3020	   1008.00	    2.0	    00000000     00000000	   1	[       ]
544   	0     	    235	              ""	    630.3100	   1008.00	    2.0	    00000000     00000000	   1	[       ]
545   	0     	    237	              ""	    631.3200	   1010.01	    2.0	    00000000     00000000	   1	[       ]
546   	0     	    237	              ""	    632.3280	   1008.00	    2.0	    00000000     00000000	   1	[       ]
547   	0     	    237	              ""	    633.3360	   1008.00	    2.0	    00000000     00000000	   1	[       ]
548   	0     	    236	              ""	    634.3440	   1008.00	    2.0	    00000000     00000000	   1	[       ]
549   	0     	    236	              ""	    635.3520	   1008.00	    2.0	    00000000     00000000	   1	[       ]
550   	0     	    236	              ""	    636.3620	   1010.01	    2.0	    00000000     00000000	   1	[       ]
551   	0     	    232	              ""	    637.3700	   1008.00	    2.0	    00000000     00000000	   1	[       ]
552   	0     	    232	              ""	    638.3780	   1008.00	    2.0	    00000000     00000000	   1	[       ]
553   	0     	    232	              ""	    639.3860	   1008.00	    2.0	    00000000     00000000	   1	[       ]
554   	0     	    244	              ""	    640.3960	   1010.01	    2.0	    00000000     00000000	   1	[       ]
555   	0     	    244	              ""	    641.4040	   1008.00	    2.0	    00000000     00000000	   1	[       ]
556   	0     	    244	              ""	    642.4120	   1008.00	    2.0	    00000000     00000000	   1	[       ]
557   	0     	    241	              ""	    643.4200	   1008.00	    2.0	    00000000     00000000	   1	[       ]
558   	0     	    241	              ""	    644.4280	   1008.00	    2.0	    00000000     00000000	   1	[       ]
559   	0     	    241	              ""	    645.4380	   1010.01	    2.0	    00000000     00000000	   1	[       ]
560   	0     	    243	              ""	    646.4460	   1008.00	    2.0	    00000000     00000000	   1	[       ]
561   	0     	    243	              ""	    647.4540	   1008.00	    2.0	    00000000     00000000	   1	[       ]
562   	0     	    243	              ""	    648.4620	   1008.00	    2.0	    00000000     00000000	   1	[       ]
563   	0     	    247	              ""	    649.4700	   1008.00	    2.0	    00000000     00000000	   1	[       ]
564   	0     	    247	              ""	    650.4800	   1010.01	    2.0	    00000000     00000000	   1	[       ]
565   	0     	    247	              ""	    651.4880	   1008.00	    2.0	    00000000     00000000	   1	[       ]
566   	0     	    248	              ""	    652.4960	   1008.00	    2.0	    00000000     00000000	   1	[       ]
567   	0     	    248	              ""	    653.5040	   1008.06	    2.0	    00000000     00000000	   1	[       ]
568   	0     	    248	              ""	    654.5140	   1009.95	    2.0	    00000000     00000000	   1	[       ]
569   	0     	    245	              ""	    655.5220	   1008.00	    2.0	    00000000     00000000	   1	[       ]
570   	0     	    245	              ""	    656.5300	   1008.06	    2.0	    00000000     00000000	   1	[       ]
571   	0     	    245	              ""	    657.5380	   1008.00	    2.0	    00000000     00000000	   1	[       ]
572   	0     	    246	              ""	    658.5460	   1008.00	    2.0	    00000000     00000000	   1	[       ]
573   	0     	    246	              ""	    659.5560	   1010.01	    2.0	    00000000     00000000	   1	[       ]
574   	0     	    246	              ""	    660.5640	   1008.00	    2.0	    00000000     00000000	   1	[       ]
575   	0     	    242	              ""	    661.5720	   1008.00	    2.0	    00000000     00000000	   1	[       ]
576   	0     	    242	              ""	    662.5800	   1008.00	    2.0	    00000000     00000000	   1	[       ]
577   	0     	    242	              ""	    663.5880	   1008.00	    2.0	    00000000     00000000	   1	[       ]
578   	0     	    242	              ""	    664.5980	   1010.01	    2.0	    00000000     00000000	   1	[       ]
