Bin   #(%) accepted   #(%) rejected    # F2    # F3    # F4    # F5    # F6    # F7    # F8
  1      47( 97.9)        1(  2.1)       0       0       0       0       0       0       0
  2      48(100.0)        0(  0.0)       0       0       0       0       0       0       0
  3      24(100.0)        0(  0.0)       0       0       0       0       0       0       0
  4      22( 95.7)        1(  4.3)       0       0       0       0       0       0       0
  5      25(100.0)        0(  0.0)       0       0       0       0       0       0       0
  6      23( 92.0)        2(  8.0)       0       0       0       0       0       0       0
  7      47( 95.9)        2(  4.1)       0       0       0       0       0       0       0
  8      49(100.0)        0(  0.0)       0       0       0       0       0       0       0
____________________________________________________________________________________________________
Total   285( 97.9)        6(  2.1)       0       0       0       0       0       0       0

