Bin   #(%) accepted   #(%) rejected    # F2    # F3    # F4    # F5    # F6    # F7    # F8
  1      45( 90.0)        5( 10.0)       0       0       0       0       0       0       0
  2      44( 88.0)        6( 12.0)       0       0       0       0       0       0       0
  3      20( 80.0)        5( 20.0)       0       0       0       0       0       0       0
  4      21( 84.0)        4( 16.0)       0       0       0       0       0       0       0
  5      23( 92.0)        2(  8.0)       0       0       0       0       0       0       0
  6      21( 84.0)        4( 16.0)       0       0       0       0       0       0       0
  7      42( 84.0)        8( 16.0)       0       0       0       0       0       0       0
  8      46( 92.0)        4(  8.0)       0       0       0       0       0       0       0
____________________________________________________________________________________________________
Total   262( 87.3)       38( 12.7)       0       0       0       0       0       0       0

