Bin   #(%) accepted   #(%) rejected    # F2    # F3    # F4    # F5    # F6    # F7    # F8
  1      43( 86.0)        7( 14.0)       0       0       0       0       0       0       0
  2      45( 90.0)        5( 10.0)       0       0       0       0       0       0       0
  3      22( 88.0)        3( 12.0)       0       0       0       0       0       0       0
  4      20( 80.0)        5( 20.0)       0       0       0       0       0       0       0
  5      21( 84.0)        4( 16.0)       0       0       0       0       0       0       0
  6      23( 92.0)        2(  8.0)       0       0       0       0       0       0       0
  7      47( 94.0)        3(  6.0)       0       0       0       0       0       0       0
  8      43( 86.0)        7( 14.0)       0       0       0       0       0       0       0
____________________________________________________________________________________________________
Total   264( 88.0)       36( 12.0)       0       0       0       0       0       0       0

