Bin   #(%) accepted   #(%) rejected    # F2    # F3    # F4    # F5    # F6    # F7    # F8
  1      44( 88.0)        6( 12.0)       0       0       0       0       0       0       0
  2      41( 82.0)        9( 18.0)       0       0       0       0       0       0       0
  3      23( 92.0)        2(  8.0)       0       0       0       0       0       0       0
  4      18( 72.0)        7( 28.0)       0       0       0       0       0       0       0
  5      18( 72.0)        7( 28.0)       0       0       0       0       0       0       0
  6      24( 96.0)        1(  4.0)       0       0       0       0       0       0       0
  7      40( 80.0)       10( 20.0)       0       0       0       0       0       0       0
  8      42( 84.0)        8( 16.0)       0       0       0       0       0       0       0
____________________________________________________________________________________________________
Total   250( 83.3)       50( 16.7)       0       0       0       0       0       0       0

