#  Non-editable header begin --------------------------------------------------------------------------------
# 
#  data format...............: continuous
#  setname...................: m21_s115_filt_filt_rs_ref_elist
#  filename..................: m21_s115_filt_filt_rs_ref.set
#  filepath..................: Z:\PROJECTS\MPH_H\MORPH21\dat\erp\S115
#  nchan.....................: 33
#  pnts......................: 186573
#  srate.....................: 200
#  nevents...................: 679
#  generated by (bdf)........: 
#  generated by (set)........: m21_s115_filt_filt_rs_ref_elist
#  reported in ..............: 
#  prog Version..............: 7.0.0
#  creation date.............: 12-Jun-2019 11:21:44
#  user Account..............: 
# 
#  Non-editable header end --------------------------------------------------------------------------------




# item	 bepoch	  ecode	            label	      onset	          diff	     dura	b_flags	   a_flags	  enable	    bin
#                                                 (sec)           (msec)     (msec)    (binary)   (binary)


1     	0     	    -99	        boundary	      0.0000	      0.00	    NaN	    00000000     00000000	   1	[       ]
2     	0     	    208	              ""	     26.3660	  26366.00	    2.0	    00000000     00000000	   1	[       ]
3     	0     	    221	              ""	     27.4460	   1080.00	    2.0	    00000000     00000000	   1	[       ]
4     	0     	     35	              ""	     27.7020	    256.00	    2.0	    00000000     00000000	   1	[       ]
5     	0     	    204	              ""	     29.4000	   1698.00	    2.0	    00000000     00000000	   1	[       ]
6     	0     	    221	              ""	     30.5120	   1112.00	    2.0	    00000000     00000000	   1	[       ]
7     	0     	     12	              ""	     30.7680	    256.00	    2.0	    00000000     00000000	   1	[       ]
8     	0     	    208	              ""	     32.5260	   1758.00	    2.0	    00000000     00000000	   1	[       ]
9     	0     	    220	              ""	     33.6080	   1082.00	    2.0	    00000000     00000000	   1	[       ]
10    	0     	      8	              ""	     35.3200	   1712.00	    2.0	    00000000     00000000	   1	[       ]
11    	0     	    202	              ""	     37.1000	   1780.00	    2.0	    00000000     00000000	   1	[       ]
12    	0     	    221	              ""	     38.2120	   1112.00	    2.0	    00000000     00000000	   1	[       ]
13    	0     	     38	              ""	     38.4700	    258.00	    2.0	    00000000     00000000	   1	[       ]
14    	0     	    201	              ""	     40.1500	   1680.00	    2.0	    00000000     00000000	   1	[       ]
15    	0     	    220	              ""	     41.2300	   1080.00	    2.0	    00000000     00000000	   1	[       ]
16    	0     	      8	              ""	     41.5860	    356.00	    2.0	    00000000     00000000	   1	[       ]
17    	0     	    202	              ""	     43.3420	   1756.00	    2.0	    00000000     00000000	   1	[       ]
18    	0     	    220	              ""	     44.4400	   1098.00	    2.0	    00000000     00000000	   1	[       ]
19    	0     	     37	              ""	     46.3540	   1914.00	    2.0	    00000000     00000000	   1	[       ]
20    	0     	    201	              ""	     48.1420	   1788.00	    2.0	    00000000     00000000	   1	[       ]
21    	0     	    220	              ""	     49.2320	   1090.00	    2.0	    00000000     00000000	   1	[       ]
22    	0     	      2	              ""	     49.6380	    406.00	    2.0	    00000000     00000000	   1	[       ]
23    	0     	    208	              ""	     51.5100	   1872.00	    2.0	    00000000     00000000	   1	[       ]
24    	0     	    220	              ""	     52.6100	   1100.00	    2.0	    00000000     00000000	   1	[       ]
25    	0     	      1	              ""	     52.9220	    312.00	    2.0	    00000000     00000000	   1	[       ]
26    	0     	    202	              ""	     54.6780	   1756.00	    2.0	    00000000     00000000	   1	[       ]
27    	0     	    220	              ""	     55.7560	   1078.00	    2.0	    00000000     00000000	   1	[       ]
28    	0     	      3	              ""	     57.6720	   1916.00	    2.0	    00000000     00000000	   1	[       ]
29    	0     	    202	              ""	     59.4360	   1764.00	    2.0	    00000000     00000000	   1	[       ]
30    	0     	    220	              ""	     60.5120	   1076.00	    2.0	    00000000     00000000	   1	[       ]
31    	0     	     32	              ""	     60.7220	    210.00	    2.0	    00000000     00000000	   1	[       ]
32    	0     	    207	              ""	     62.4940	   1772.00	    2.0	    00000000     00000000	   1	[       ]
33    	0     	    220	              ""	     63.5780	   1084.00	    2.0	    00000000     00000000	   1	[       ]
34    	0     	     45	              ""	     63.7880	    210.00	    2.0	    00000000     00000000	   1	[       ]
35    	0     	    204	              ""	     65.6120	   1824.00	    2.0	    00000000     00000000	   1	[       ]
36    	0     	    220	              ""	     66.7180	   1106.00	    2.0	    00000000     00000000	   1	[       ]
37    	0     	     20	              ""	     68.5320	   1814.00	    2.0	    00000000     00000000	   1	[       ]
38    	0     	    207	              ""	     70.2540	   1722.00	    2.0	    00000000     00000000	   1	[       ]
39    	0     	    220	              ""	     71.3780	   1124.00	    2.0	    00000000     00000000	   1	[       ]
40    	0     	      5	              ""	     71.5820	    204.00	    2.0	    00000000     00000000	   1	[       ]
41    	0     	    208	              ""	     73.3120	   1730.00	    2.0	    00000000     00000000	   1	[       ]
42    	0     	    220	              ""	     74.3900	   1078.00	    2.0	    00000000     00000000	   1	[       ]
43    	0     	     38	              ""	     74.6480	    258.00	    2.0	    00000000     00000000	   1	[       ]
44    	0     	    205	              ""	     76.3880	   1740.00	    2.0	    00000000     00000000	   1	[       ]
45    	0     	    221	              ""	     77.4680	   1080.00	    2.0	    00000000     00000000	   1	[       ]
46    	0     	     10	              ""	     79.3320	   1864.00	    2.0	    00000000     00000000	   1	[       ]
47    	0     	    201	              ""	     81.1040	   1772.00	    2.0	    00000000     00000000	   1	[       ]
48    	0     	    220	              ""	     82.1820	   1078.00	    2.0	    00000000     00000000	   1	[       ]
49    	0     	      5	              ""	     82.5900	    408.00	    2.0	    00000000     00000000	   1	[       ]
50    	0     	    201	              ""	     84.3460	   1756.00	    2.0	    00000000     00000000	   1	[       ]
51    	0     	    220	              ""	     85.4260	   1080.00	    2.0	    00000000     00000000	   1	[       ]
52    	0     	     46	              ""	     85.7820	    356.00	    2.0	    00000000     00000000	   1	[       ]
53    	0     	    204	              ""	     87.6040	   1822.00	    2.0	    00000000     00000000	   1	[       ]
54    	0     	    220	              ""	     88.6880	   1084.01	    2.0	    00000000     00000000	   1	[       ]
55    	0     	     13	              ""	     90.5000	   1812.00	    2.0	    00000000     00000000	   1	[       ]
56    	0     	    207	              ""	     92.1720	   1672.00	    2.0	    00000000     00000000	   1	[       ]
57    	0     	    220	              ""	     93.2900	   1118.00	    2.0	    00000000     00000000	   1	[       ]
58    	0     	     23	              ""	     93.7000	    410.00	    2.0	    00000000     00000000	   1	[       ]
59    	0     	    205	              ""	     95.3980	   1698.01	    2.0	    00000000     00000000	   1	[       ]
60    	0     	    221	              ""	     96.5060	   1107.99	    2.0	    00000000     00000000	   1	[       ]
61    	0     	     23	              ""	     96.7100	    204.00	    2.0	    00000000     00000000	   1	[       ]
62    	0     	    201	              ""	     98.4400	   1730.00	    2.0	    00000000     00000000	   1	[       ]
63    	0     	    220	              ""	     99.5380	   1098.00	    2.0	    00000000     00000000	   1	[       ]
64    	0     	     33	              ""	    101.4020	   1864.00	    2.0	    00000000     00000000	   1	[       ]
65    	0     	    208	              ""	    103.1220	   1720.00	    2.0	    00000000     00000000	   1	[       ]
66    	0     	    220	              ""	    104.2140	   1092.00	    2.0	    00000000     00000000	   1	[       ]
67    	0     	      5	              ""	    104.6180	    404.00	    2.0	    00000000     00000000	   1	[       ]
68    	0     	    201	              ""	    106.3740	   1756.00	    2.0	    00000000     00000000	   1	[       ]
69    	0     	    220	              ""	    107.4680	   1094.00	    2.0	    00000000     00000000	   1	[       ]
70    	0     	      1	              ""	    107.7760	    308.00	    2.0	    00000000     00000000	   1	[       ]
71    	0     	    207	              ""	    109.5500	   1774.00	    2.0	    00000000     00000000	   1	[       ]
72    	0     	    220	              ""	    110.6440	   1093.99	    2.0	    00000000     00000000	   1	[       ]
73    	0     	     48	              ""	    112.4100	   1766.01	    2.0	    00000000     00000000	   1	[       ]
74    	0     	    202	              ""	    114.0840	   1674.00	    2.0	    00000000     00000000	   1	[       ]
75    	0     	    220	              ""	    115.1900	   1106.00	    2.0	    00000000     00000000	   1	[       ]
76    	0     	     22	              ""	    115.4440	    254.00	    2.0	    00000000     00000000	   1	[       ]
77    	0     	    208	              ""	    117.3000	   1856.00	    2.0	    00000000     00000000	   1	[       ]
78    	0     	    220	              ""	    118.4080	   1107.99	    2.0	    00000000     00000000	   1	[       ]
79    	0     	     42	              ""	    118.6120	    204.00	    2.0	    00000000     00000000	   1	[       ]
80    	0     	    201	              ""	    120.3500	   1738.00	    2.0	    00000000     00000000	   1	[       ]
81    	0     	    220	              ""	    121.4220	   1072.00	    2.0	    00000000     00000000	   1	[       ]
82    	0     	     39	              ""	    123.2860	   1864.01	    2.0	    00000000     00000000	   1	[       ]
83    	0     	    207	              ""	    125.0160	   1730.00	    2.0	    00000000     00000000	   1	[       ]
84    	0     	    220	              ""	    126.0940	   1078.00	    2.0	    00000000     00000000	   1	[       ]
85    	0     	     42	              ""	    126.4040	    310.00	    2.0	    00000000     00000000	   1	[       ]
86    	0     	    206	              ""	    128.2000	   1796.00	    2.0	    00000000     00000000	   1	[       ]
87    	0     	    220	              ""	    129.3060	   1106.00	    2.0	    00000000     00000000	   1	[       ]
88    	0     	     18	              ""	    129.7120	    406.01	    2.0	    00000000     00000000	   1	[       ]
89    	0     	    203	              ""	    131.4760	   1763.99	    2.0	    00000000     00000000	   1	[       ]
90    	0     	    220	              ""	    132.5740	   1098.01	    2.0	    00000000     00000000	   1	[       ]
91    	0     	      1	              ""	    134.2880	   1713.99	    2.0	    00000000     00000000	   1	[       ]
92    	0     	    207	              ""	    136.0600	   1772.00	    2.0	    00000000     00000000	   1	[       ]
93    	0     	    220	              ""	    137.1420	   1082.00	    2.0	    00000000     00000000	   1	[       ]
94    	0     	      2	              ""	    137.4960	    354.00	    2.0	    00000000     00000000	   1	[       ]
95    	0     	    201	              ""	    139.1760	   1679.99	    2.0	    00000000     00000000	   1	[       ]
96    	0     	    220	              ""	    140.2540	   1078.00	    2.0	    00000000     00000000	   1	[       ]
97    	0     	     36	              ""	    140.5140	    260.01	    2.0	    00000000     00000000	   1	[       ]
98    	0     	    206	              ""	    142.2360	   1721.98	    2.0	    00000000     00000000	   1	[       ]
99    	0     	    220	              ""	    143.3560	   1120.01	    2.0	    00000000     00000000	   1	[       ]
100   	0     	     10	              ""	    145.1720	   1815.99	    2.0	    00000000     00000000	   1	[       ]
101   	0     	    201	              ""	    146.9360	   1764.01	    2.0	    00000000     00000000	   1	[       ]
102   	0     	    220	              ""	    148.0600	   1123.99	    2.0	    00000000     00000000	   1	[       ]
103   	0     	     31	              ""	    148.3140	    254.00	    2.0	    00000000     00000000	   1	[       ]
104   	0     	    204	              ""	    150.2120	   1898.01	    2.0	    00000000     00000000	   1	[       ]
105   	0     	    220	              ""	    151.3160	   1103.99	    2.0	    00000000     00000000	   1	[       ]
106   	0     	      6	              ""	    151.5220	    206.01	    2.0	    00000000     00000000	   1	[       ]
107   	0     	    201	              ""	    153.3040	   1782.00	    2.0	    00000000     00000000	   1	[       ]
108   	0     	    220	              ""	    154.3880	   1084.00	    2.0	    00000000     00000000	   1	[       ]
109   	0     	     19	              ""	    156.3060	   1918.00	    2.0	    00000000     00000000	   1	[       ]
110   	0     	    201	              ""	    158.0780	   1772.00	    2.0	    00000000     00000000	   1	[       ]
111   	0     	    220	              ""	    159.1600	   1082.00	    2.0	    00000000     00000000	   1	[       ]
112   	0     	     30	              ""	    159.5640	    403.99	    2.0	    00000000     00000000	   1	[       ]
113   	0     	    207	              ""	    161.3040	   1740.01	    2.0	    00000000     00000000	   1	[       ]
114   	0     	    220	              ""	    162.4160	   1112.00	    2.0	    00000000     00000000	   1	[       ]
115   	0     	     36	              ""	    162.7240	    308.00	    2.0	    00000000     00000000	   1	[       ]
116   	0     	    202	              ""	    164.5380	   1814.00	    2.0	    00000000     00000000	   1	[       ]
117   	0     	    220	              ""	    165.6300	   1092.01	    2.0	    00000000     00000000	   1	[       ]
118   	0     	      4	              ""	    167.4500	   1819.99	    2.0	    00000000     00000000	   1	[       ]
119   	0     	    208	              ""	    169.2380	   1788.01	    2.0	    00000000     00000000	   1	[       ]
120   	0     	    220	              ""	    170.3200	   1082.00	    2.0	    00000000     00000000	   1	[       ]
121   	0     	     36	              ""	    170.5740	    254.00	    2.0	    00000000     00000000	   1	[       ]
122   	0     	    204	              ""	    172.3800	   1806.00	    2.0	    00000000     00000000	   1	[       ]
123   	0     	    220	              ""	    173.4660	   1086.00	    2.0	    00000000     00000000	   1	[       ]
124   	0     	     11	              ""	    173.8240	    358.00	    2.0	    00000000     00000000	   1	[       ]
125   	0     	    207	              ""	    175.5220	   1698.00	    2.0	    00000000     00000000	   1	[       ]
126   	0     	    220	              ""	    176.6240	   1101.99	    2.0	    00000000     00000000	   1	[       ]
127   	0     	     20	              ""	    178.5420	   1918.01	    2.0	    00000000     00000000	   1	[       ]
128   	0     	    202	              ""	    180.2980	   1756.00	    2.0	    00000000     00000000	   1	[       ]
129   	0     	    220	              ""	    181.3860	   1088.00	    2.0	    00000000     00000000	   1	[       ]
130   	0     	     47	              ""	    181.6920	    306.00	    2.0	    00000000     00000000	   1	[       ]
131   	0     	    203	              ""	    183.4060	   1714.00	    2.0	    00000000     00000000	   1	[       ]
132   	0     	    220	              ""	    184.4820	   1075.99	    2.0	    00000000     00000000	   1	[       ]
133   	0     	     16	              ""	    184.7420	    260.01	    2.0	    00000000     00000000	   1	[       ]
134   	0     	    205	              ""	    186.5480	   1806.00	    2.0	    00000000     00000000	   1	[       ]
135   	0     	    220	              ""	    187.6660	   1118.00	    2.0	    00000000     00000000	   1	[       ]
136   	0     	      5	              ""	    189.5860	   1920.00	    2.0	    00000000     00000000	   1	[       ]
137   	0     	    201	              ""	    191.3740	   1787.99	    2.0	    00000000     00000000	   1	[       ]
138   	0     	    220	              ""	    192.4580	   1084.00	    2.0	    00000000     00000000	   1	[       ]
139   	0     	     43	              ""	    192.8180	    360.00	    2.0	    00000000     00000000	   1	[       ]
140   	0     	    202	              ""	    194.5660	   1748.00	    2.0	    00000000     00000000	   1	[       ]
141   	0     	    220	              ""	    195.6600	   1094.01	    2.0	    00000000     00000000	   1	[       ]
142   	0     	     40	              ""	    196.0680	    407.99	    2.0	    00000000     00000000	   1	[       ]
143   	0     	    207	              ""	    197.8500	   1782.01	    2.0	    00000000     00000000	   1	[       ]
144   	0     	    220	              ""	    198.9480	   1097.99	    2.0	    00000000     00000000	   1	[       ]
145   	0     	     10	              ""	    200.6600	   1712.01	    2.0	    00000000     00000000	   1	[       ]
146   	0     	    201	              ""	    202.3580	   1698.00	    2.0	    00000000     00000000	   1	[       ]
147   	0     	    220	              ""	    203.4560	   1097.99	    2.0	    00000000     00000000	   1	[       ]
148   	0     	     29	              ""	    203.7100	    254.01	    2.0	    00000000     00000000	   1	[       ]
149   	0     	    201	              ""	    205.4260	   1715.99	    2.0	    00000000     00000000	   1	[       ]
150   	0     	    220	              ""	    206.4980	   1072.01	    2.0	    00000000     00000000	   1	[       ]
151   	0     	     41	              ""	    206.7040	    205.99	    2.0	    00000000     00000000	   1	[       ]
152   	0     	    207	              ""	    208.5080	   1804.00	    2.0	    00000000     00000000	   1	[       ]
153   	0     	    220	              ""	    209.6140	   1106.00	    2.0	    00000000     00000000	   1	[       ]
154   	0     	     30	              ""	    211.3280	   1714.00	    2.0	    00000000     00000000	   1	[       ]
155   	0     	    205	              ""	    213.0260	   1698.00	    2.0	    00000000     00000000	   1	[       ]
156   	0     	    221	              ""	    214.1060	   1080.00	    2.0	    00000000     00000000	   1	[       ]
157   	0     	      8	              ""	    214.3120	    205.99	    2.0	    00000000     00000000	   1	[       ]
158   	0     	    206	              ""	    216.1260	   1814.01	    2.0	    00000000     00000000	   1	[       ]
159   	0     	    221	              ""	    217.2220	   1095.99	    2.0	    00000000     00000000	   1	[       ]
160   	0     	     24	              ""	    217.6280	    406.01	    2.0	    00000000     00000000	   1	[       ]
161   	0     	    205	              ""	    219.4180	   1789.99	    2.0	    00000000     00000000	   1	[       ]
162   	0     	    220	              ""	    220.5200	   1102.01	    2.0	    00000000     00000000	   1	[       ]
163   	0     	     24	              ""	    222.3380	   1817.99	    2.0	    00000000     00000000	   1	[       ]
164   	0     	    208	              ""	    224.0280	   1690.00	    2.0	    00000000     00000000	   1	[       ]
165   	0     	    220	              ""	    225.1040	   1076.00	    2.0	    00000000     00000000	   1	[       ]
166   	0     	     14	              ""	    225.4620	    358.00	    2.0	    00000000     00000000	   1	[       ]
167   	0     	    206	              ""	    227.3100	   1847.99	    2.0	    00000000     00000000	   1	[       ]
168   	0     	    220	              ""	    228.4140	   1104.00	    2.0	    00000000     00000000	   1	[       ]
169   	0     	      5	              ""	    228.7720	    358.00	    2.0	    00000000     00000000	   1	[       ]
170   	0     	    208	              ""	    230.4360	   1664.00	    2.0	    00000000     00000000	   1	[       ]
171   	0     	    220	              ""	    231.5180	   1082.00	    2.0	    00000000     00000000	   1	[       ]
172   	0     	     41	              ""	    233.3300	   1812.00	    2.0	    00000000     00000000	   1	[       ]
173   	0     	    207	              ""	    234.9940	   1664.00	    2.0	    00000000     00000000	   1	[       ]
174   	0     	    220	              ""	    236.0780	   1084.00	    2.0	    00000000     00000000	   1	[       ]
175   	0     	      7	              ""	    236.3400	    261.99	    2.0	    00000000     00000000	   1	[       ]
176   	0     	    208	              ""	    238.2620	   1922.00	    2.0	    00000000     00000000	   1	[       ]
177   	0     	    220	              ""	    239.3660	   1104.00	    2.0	    00000000     00000000	   1	[       ]
178   	0     	      9	              ""	    239.6220	    256.00	    2.0	    00000000     00000000	   1	[       ]
179   	0     	    207	              ""	    241.4120	   1790.01	    2.0	    00000000     00000000	   1	[       ]
180   	0     	    220	              ""	    242.5100	   1097.99	    2.0	    00000000     00000000	   1	[       ]
181   	0     	      4	              ""	    244.3240	   1814.01	    2.0	    00000000     00000000	   1	[       ]
182   	0     	    208	              ""	    246.1460	   1821.99	    2.0	    00000000     00000000	   1	[       ]
183   	0     	    220	              ""	    247.2500	   1104.00	    2.0	    00000000     00000000	   1	[       ]
184   	0     	      6	              ""	    247.4580	    207.99	    2.0	    00000000     00000000	   1	[       ]
185   	0     	    207	              ""	    249.2380	   1780.01	    2.0	    00000000     00000000	   1	[       ]
186   	0     	    221	              ""	    250.3400	   1101.99	    2.0	    00000000     00000000	   1	[       ]
187   	0     	     40	              ""	    250.6000	    260.01	    2.0	    00000000     00000000	   1	[       ]
188   	0     	    208	              ""	    252.4960	   1896.00	    2.0	    00000000     00000000	   1	[       ]
189   	0     	    220	              ""	    253.5740	   1078.00	    2.0	    00000000     00000000	   1	[       ]
190   	0     	     47	              ""	    255.3920	   1817.99	    2.0	    00000000     00000000	   1	[       ]
191   	0     	    202	              ""	    257.1140	   1722.02	    2.0	    00000000     00000000	   1	[       ]
192   	0     	    221	              ""	    258.1760	   1061.98	    2.0	    00000000     00000000	   1	[       ]
193   	0     	      9	              ""	    258.5320	    356.02	    2.0	    00000000     00000000	   1	[       ]
194   	0     	    208	              ""	    260.2460	   1713.99	    2.0	    00000000     00000000	   1	[       ]
195   	0     	    220	              ""	    261.3360	   1090.00	    2.0	    00000000     00000000	   1	[       ]
196   	0     	     43	              ""	    261.7420	    406.01	    2.0	    00000000     00000000	   1	[       ]
197   	0     	    208	              ""	    263.5400	   1798.00	    2.0	    00000000     00000000	   1	[       ]
198   	0     	    220	              ""	    264.6340	   1093.99	    2.0	    00000000     00000000	   1	[       ]
199   	0     	     34	              ""	    266.4000	   1765.99	    2.0	    00000000     00000000	   1	[       ]
200   	0     	    208	              ""	    268.1320	   1731.99	    2.0	    00000000     00000000	   1	[       ]
201   	0     	    220	              ""	    269.2100	   1078.00	    2.0	    00000000     00000000	   1	[       ]
202   	0     	     21	              ""	    269.6180	    408.02	    2.0	    00000000     00000000	   1	[       ]
203   	0     	    206	              ""	    271.2640	   1646.00	    2.0	    00000000     00000000	   1	[       ]
204   	0     	    220	              ""	    272.3620	   1097.99	    2.0	    00000000     00000000	   1	[       ]
205   	0     	      8	              ""	    272.6680	    306.00	    2.0	    00000000     00000000	   1	[       ]
206   	0     	    201	              ""	    274.4980	   1829.99	    2.0	    00000000     00000000	   1	[       ]
207   	0     	    220	              ""	    275.6000	   1102.02	    2.0	    00000000     00000000	   1	[       ]
208   	0     	     15	              ""	    277.3180	   1717.99	    2.0	    00000000     00000000	   1	[       ]
209   	0     	    207	              ""	    279.0820	   1764.01	    2.0	    00000000     00000000	   1	[       ]
210   	0     	    221	              ""	    280.1740	   1092.01	    2.0	    00000000     00000000	   1	[       ]
211   	0     	     17	              ""	    280.5260	    351.99	    2.0	    00000000     00000000	   1	[       ]
212   	0     	    202	              ""	    282.3320	   1806.00	    2.0	    00000000     00000000	   1	[       ]
213   	0     	    220	              ""	    283.4360	   1104.00	    2.0	    00000000     00000000	   1	[       ]
214   	0     	     39	              ""	    283.6940	    258.00	    2.0	    00000000     00000000	   1	[       ]
215   	0     	    205	              ""	    285.4500	   1756.01	    2.0	    00000000     00000000	   1	[       ]
216   	0     	    221	              ""	    286.5380	   1087.98	    2.0	    00000000     00000000	   1	[       ]
217   	0     	     18	              ""	    288.4520	   1914.00	    2.0	    00000000     00000000	   1	[       ]
218   	0     	    207	              ""	    290.2080	   1756.01	    2.0	    00000000     00000000	   1	[       ]
219   	0     	    220	              ""	    291.2860	   1078.00	    2.0	    00000000     00000000	   1	[       ]
220   	0     	     25	              ""	    291.6940	    407.99	    2.0	    00000000     00000000	   1	[       ]
221   	0     	    208	              ""	    293.4580	   1764.01	    2.0	    00000000     00000000	   1	[       ]
222   	0     	    220	              ""	    294.5600	   1101.99	    2.0	    00000000     00000000	   1	[       ]
223   	0     	     25	              ""	    294.7700	    209.99	    2.0	    00000000     00000000	   1	[       ]
224   	0     	    205	              ""	    296.6340	   1864.01	    2.0	    00000000     00000000	   1	[       ]
225   	0     	    221	              ""	    297.7140	   1079.99	    2.0	    00000000     00000000	   1	[       ]
226   	0     	     20	              ""	    299.5280	   1814.03	    2.0	    00000000     00000000	   1	[       ]
227   	0     	    207	              ""	    337.2120	  37683.99	    2.0	    00000000     00000000	   1	[       ]
228   	0     	    220	              ""	    338.2900	   1078.00	    2.0	    00000000     00000000	   1	[       ]
229   	0     	     16	              ""	    338.6980	    407.99	    2.0	    00000000     00000000	   1	[       ]
230   	0     	    208	              ""	    340.5060	   1808.01	    2.0	    00000000     00000000	   1	[       ]
231   	0     	    220	              ""	    341.5820	   1075.99	    2.0	    00000000     00000000	   1	[       ]
232   	0     	     19	              ""	    341.7920	    209.99	    2.0	    00000000     00000000	   1	[       ]
233   	0     	    202	              ""	    343.5560	   1764.01	    2.0	    00000000     00000000	   1	[       ]
234   	0     	    220	              ""	    344.6540	   1097.99	    2.0	    00000000     00000000	   1	[       ]
235   	0     	     17	              ""	    346.4160	   1761.99	    2.0	    00000000     00000000	   1	[       ]
236   	0     	    206	              ""	    348.1960	   1780.03	    2.0	    00000000     00000000	   1	[       ]
237   	0     	    220	              ""	    349.2740	   1077.97	    2.0	    00000000     00000000	   1	[       ]
238   	0     	     22	              ""	    349.6340	    360.02	    2.0	    00000000     00000000	   1	[       ]
239   	0     	    208	              ""	    351.4880	   1854.00	    2.0	    00000000     00000000	   1	[       ]
240   	0     	    220	              ""	    352.5680	   1079.99	    2.0	    00000000     00000000	   1	[       ]
241   	0     	     24	              ""	    352.9760	    408.02	    2.0	    00000000     00000000	   1	[       ]
242   	0     	    202	              ""	    354.6980	   1721.98	    2.0	    00000000     00000000	   1	[       ]
243   	0     	    220	              ""	    355.7780	   1080.02	    2.0	    00000000     00000000	   1	[       ]
244   	0     	     29	              ""	    357.6940	   1915.99	    2.0	    00000000     00000000	   1	[       ]
245   	0     	    207	              ""	    359.4320	   1738.01	    2.0	    00000000     00000000	   1	[       ]
246   	0     	    220	              ""	    360.5300	   1097.99	    2.0	    00000000     00000000	   1	[       ]
247   	0     	      3	              ""	    360.8340	    304.02	    2.0	    00000000     00000000	   1	[       ]
248   	0     	    204	              ""	    362.6080	   1773.99	    2.0	    00000000     00000000	   1	[       ]
249   	0     	    220	              ""	    363.6960	   1088.01	    2.0	    00000000     00000000	   1	[       ]
250   	0     	     15	              ""	    363.9520	    255.98	    2.0	    00000000     00000000	   1	[       ]
251   	0     	    205	              ""	    365.7740	   1821.99	    2.0	    00000000     00000000	   1	[       ]
252   	0     	    221	              ""	    366.8660	   1092.01	    2.0	    00000000     00000000	   1	[       ]
253   	0     	      4	              ""	    368.7780	   1912.02	    2.0	    00000000     00000000	   1	[       ]
254   	0     	    205	              ""	    370.4580	   1679.99	    2.0	    00000000     00000000	   1	[       ]
255   	0     	    220	              ""	    371.5540	   1095.98	    2.0	    00000000     00000000	   1	[       ]
256   	0     	     11	              ""	    371.8100	    256.01	    2.0	    00000000     00000000	   1	[       ]
257   	0     	    203	              ""	    373.5400	   1730.01	    2.0	    00000000     00000000	   1	[       ]
258   	0     	    220	              ""	    374.6200	   1079.99	    2.0	    00000000     00000000	   1	[       ]
259   	0     	     20	              ""	    374.9780	    358.00	    2.0	    00000000     00000000	   1	[       ]
260   	0     	    207	              ""	    376.8000	   1821.99	    2.0	    00000000     00000000	   1	[       ]
261   	0     	    220	              ""	    377.9000	   1100.01	    2.0	    00000000     00000000	   1	[       ]
262   	0     	     28	              ""	    379.6120	   1712.01	    2.0	    00000000     00000000	   1	[       ]
263   	0     	    207	              ""	    381.3420	   1730.01	    2.0	    00000000     00000000	   1	[       ]
264   	0     	    220	              ""	    382.4200	   1078.00	    2.0	    00000000     00000000	   1	[       ]
265   	0     	     39	              ""	    382.7780	    358.00	    2.0	    00000000     00000000	   1	[       ]
266   	0     	    202	              ""	    384.4180	   1639.98	    2.0	    00000000     00000000	   1	[       ]
267   	0     	    220	              ""	    385.5180	   1100.01	    2.0	    00000000     00000000	   1	[       ]
268   	0     	     15	              ""	    385.9200	    402.01	    2.0	    00000000     00000000	   1	[       ]
269   	0     	    201	              ""	    387.5680	   1647.98	    2.0	    00000000     00000000	   1	[       ]
270   	0     	    220	              ""	    388.6680	   1100.01	    2.0	    00000000     00000000	   1	[       ]
271   	0     	     27	              ""	    390.4380	   1769.99	    2.0	    00000000     00000000	   1	[       ]
272   	0     	    208	              ""	    392.1920	   1754.00	    2.0	    00000000     00000000	   1	[       ]
273   	0     	    220	              ""	    393.2940	   1102.02	    2.0	    00000000     00000000	   1	[       ]
274   	0     	     17	              ""	    393.6960	    402.01	    2.0	    00000000     00000000	   1	[       ]
275   	0     	    201	              ""	    395.6020	   1905.98	    2.0	    00000000     00000000	   1	[       ]
276   	0     	    220	              ""	    396.6820	   1080.02	    2.0	    00000000     00000000	   1	[       ]
277   	0     	     24	              ""	    396.8880	    205.99	    2.0	    00000000     00000000	   1	[       ]
278   	0     	    205	              ""	    398.6520	   1764.01	    2.0	    00000000     00000000	   1	[       ]
279   	0     	    221	              ""	    399.7300	   1078.00	    2.0	    00000000     00000000	   1	[       ]
280   	0     	      1	              ""	    401.5480	   1817.99	    2.0	    00000000     00000000	   1	[       ]
281   	0     	    202	              ""	    403.3700	   1821.99	    2.0	    00000000     00000000	   1	[       ]
282   	0     	    220	              ""	    404.4720	   1101.99	    2.0	    00000000     00000000	   1	[       ]
283   	0     	     42	              ""	    404.8800	    408.02	    2.0	    00000000     00000000	   1	[       ]
284   	0     	    201	              ""	    406.6860	   1806.00	    2.0	    00000000     00000000	   1	[       ]
285   	0     	    220	              ""	    407.7760	   1090.00	    2.0	    00000000     00000000	   1	[       ]
286   	0     	     45	              ""	    408.1300	    354.00	    2.0	    00000000     00000000	   1	[       ]
287   	0     	    208	              ""	    409.7860	   1656.01	    2.0	    00000000     00000000	   1	[       ]
288   	0     	    220	              ""	    410.8640	   1078.00	    2.0	    00000000     00000000	   1	[       ]
289   	0     	     11	              ""	    412.5820	   1717.99	    2.0	    00000000     00000000	   1	[       ]
290   	0     	    204	              ""	    414.3200	   1738.01	    2.0	    00000000     00000000	   1	[       ]
291   	0     	    220	              ""	    415.4180	   1097.99	    2.0	    00000000     00000000	   1	[       ]
292   	0     	     24	              ""	    415.7740	    355.99	    2.0	    00000000     00000000	   1	[       ]
293   	0     	    207	              ""	    417.5300	   1756.01	    2.0	    00000000     00000000	   1	[       ]
294   	0     	    220	              ""	    418.6040	   1074.01	    2.0	    00000000     00000000	   1	[       ]
295   	0     	     35	              ""	    418.8080	    204.01	    2.0	    00000000     00000000	   1	[       ]
296   	0     	    202	              ""	    420.5620	   1754.00	    2.0	    00000000     00000000	   1	[       ]
297   	0     	    221	              ""	    421.6820	   1120.00	    2.0	    00000000     00000000	   1	[       ]
298   	0     	     41	              ""	    423.5000	   1817.99	    2.0	    00000000     00000000	   1	[       ]
299   	0     	    208	              ""	    425.2800	   1780.00	    2.0	    00000000     00000000	   1	[       ]
300   	0     	    220	              ""	    426.3800	   1100.01	    2.0	    00000000     00000000	   1	[       ]
301   	0     	     16	              ""	    426.6400	    260.01	    2.0	    00000000     00000000	   1	[       ]
302   	0     	    207	              ""	    428.4140	   1773.99	    2.0	    00000000     00000000	   1	[       ]
303   	0     	    220	              ""	    429.5320	   1118.01	    2.0	    00000000     00000000	   1	[       ]
304   	0     	     18	              ""	    429.9420	    409.97	    2.0	    00000000     00000000	   1	[       ]
305   	0     	    207	              ""	    431.6380	   1696.01	    2.0	    00000000     00000000	   1	[       ]
306   	0     	    220	              ""	    432.7400	   1101.99	    2.0	    00000000     00000000	   1	[       ]
307   	0     	     44	              ""	    434.4600	   1720.00	    2.0	    00000000     00000000	   1	[       ]
308   	0     	    206	              ""	    436.2900	   1830.02	    2.0	    00000000     00000000	   1	[       ]
309   	0     	    220	              ""	    437.3700	   1079.99	    2.0	    00000000     00000000	   1	[       ]
310   	0     	      3	              ""	    437.6760	    306.00	    2.0	    00000000     00000000	   1	[       ]
311   	0     	    202	              ""	    439.4320	   1756.01	    2.0	    00000000     00000000	   1	[       ]
312   	0     	    220	              ""	    440.5240	   1091.98	    2.0	    00000000     00000000	   1	[       ]
313   	0     	     27	              ""	    440.7840	    260.01	    2.0	    00000000     00000000	   1	[       ]
314   	0     	    207	              ""	    442.4400	   1656.01	    2.0	    00000000     00000000	   1	[       ]
315   	0     	    220	              ""	    443.5260	   1086.00	    2.0	    00000000     00000000	   1	[       ]
316   	0     	     50	              ""	    445.2920	   1765.99	    2.0	    00000000     00000000	   1	[       ]
317   	0     	    208	              ""	    447.0820	   1790.01	    2.0	    00000000     00000000	   1	[       ]
318   	0     	    220	              ""	    448.1620	   1079.99	    2.0	    00000000     00000000	   1	[       ]
319   	0     	     40	              ""	    448.3680	    206.02	    2.0	    00000000     00000000	   1	[       ]
320   	0     	    207	              ""	    450.0980	   1729.98	    2.0	    00000000     00000000	   1	[       ]
321   	0     	    221	              ""	    451.1780	   1080.02	    2.0	    00000000     00000000	   1	[       ]
322   	0     	     12	              ""	    451.4340	    255.98	    2.0	    00000000     00000000	   1	[       ]
323   	0     	    208	              ""	    453.1240	   1690.00	    2.0	    00000000     00000000	   1	[       ]
324   	0     	    220	              ""	    454.2160	   1092.01	    2.0	    00000000     00000000	   1	[       ]
325   	0     	      2	              ""	    456.1280	   1911.99	    2.0	    00000000     00000000	   1	[       ]
326   	0     	    201	              ""	    457.8580	   1730.01	    2.0	    00000000     00000000	   1	[       ]
327   	0     	    220	              ""	    458.9600	   1101.99	    2.0	    00000000     00000000	   1	[       ]
328   	0     	     16	              ""	    459.2200	    260.01	    2.0	    00000000     00000000	   1	[       ]
329   	0     	    207	              ""	    460.9920	   1772.00	    2.0	    00000000     00000000	   1	[       ]
330   	0     	    220	              ""	    462.0700	   1078.00	    2.0	    00000000     00000000	   1	[       ]
331   	0     	     34	              ""	    462.3280	    258.00	    2.0	    00000000     00000000	   1	[       ]
332   	0     	    203	              ""	    464.0580	   1730.01	    2.0	    00000000     00000000	   1	[       ]
333   	0     	    220	              ""	    465.1320	   1073.97	    2.0	    00000000     00000000	   1	[       ]
334   	0     	     24	              ""	    466.9940	   1862.00	    2.0	    00000000     00000000	   1	[       ]
335   	0     	    207	              ""	    468.6760	   1682.01	    2.0	    00000000     00000000	   1	[       ]
336   	0     	    220	              ""	    469.7520	   1076.02	    2.0	    00000000     00000000	   1	[       ]
337   	0     	     26	              ""	    470.0620	    310.00	    2.0	    00000000     00000000	   1	[       ]
338   	0     	    202	              ""	    471.8440	   1781.98	    2.0	    00000000     00000000	   1	[       ]
339   	0     	    220	              ""	    472.9520	   1108.00	    2.0	    00000000     00000000	   1	[       ]
340   	0     	     49	              ""	    473.2120	    260.01	    2.0	    00000000     00000000	   1	[       ]
341   	0     	    201	              ""	    474.9260	   1713.99	    2.0	    00000000     00000000	   1	[       ]
342   	0     	    220	              ""	    476.0200	   1093.99	    2.0	    00000000     00000000	   1	[       ]
343   	0     	     40	              ""	    477.7380	   1718.02	    2.0	    00000000     00000000	   1	[       ]
344   	0     	    202	              ""	    479.4680	   1729.98	    2.0	    00000000     00000000	   1	[       ]
345   	0     	    221	              ""	    480.5760	   1108.00	    2.0	    00000000     00000000	   1	[       ]
346   	0     	      2	              ""	    480.9300	    354.00	    2.0	    00000000     00000000	   1	[       ]
347   	0     	    203	              ""	    482.6860	   1756.01	    2.0	    00000000     00000000	   1	[       ]
348   	0     	    220	              ""	    483.7760	   1090.00	    2.0	    00000000     00000000	   1	[       ]
349   	0     	      8	              ""	    483.9800	    204.01	    2.0	    00000000     00000000	   1	[       ]
350   	0     	    204	              ""	    485.8360	   1855.99	    2.0	    00000000     00000000	   1	[       ]
351   	0     	    220	              ""	    486.9400	   1104.00	    2.0	    00000000     00000000	   1	[       ]
352   	0     	      4	              ""	    488.8560	   1915.99	    2.0	    00000000     00000000	   1	[       ]
353   	0     	    204	              ""	    490.6540	   1798.00	    2.0	    00000000     00000000	   1	[       ]
354   	0     	    220	              ""	    491.7740	   1120.00	    2.0	    00000000     00000000	   1	[       ]
355   	0     	     22	              ""	    492.0820	    308.01	    2.0	    00000000     00000000	   1	[       ]
356   	0     	    205	              ""	    493.9040	   1821.99	    2.0	    00000000     00000000	   1	[       ]
357   	0     	    220	              ""	    494.9980	   1093.99	    2.0	    00000000     00000000	   1	[       ]
358   	0     	     19	              ""	    495.2560	    258.03	    2.0	    00000000     00000000	   1	[       ]
359   	0     	    204	              ""	    497.0780	   1821.99	    2.0	    00000000     00000000	   1	[       ]
360   	0     	    220	              ""	    498.1780	   1100.01	    2.0	    00000000     00000000	   1	[       ]
361   	0     	     17	              ""	    499.9900	   1811.98	    2.0	    00000000     00000000	   1	[       ]
362   	0     	    206	              ""	    501.7120	   1722.02	    2.0	    00000000     00000000	   1	[       ]
363   	0     	    221	              ""	    502.7960	   1083.98	    2.0	    00000000     00000000	   1	[       ]
364   	0     	      7	              ""	    503.1480	    352.02	    2.0	    00000000     00000000	   1	[       ]
365   	0     	    202	              ""	    504.8620	   1713.99	    2.0	    00000000     00000000	   1	[       ]
366   	0     	    220	              ""	    505.9400	   1078.00	    2.0	    00000000     00000000	   1	[       ]
367   	0     	     19	              ""	    506.1480	    208.01	    2.0	    00000000     00000000	   1	[       ]
368   	0     	    203	              ""	    507.9880	   1840.00	    2.0	    00000000     00000000	   1	[       ]
369   	0     	    220	              ""	    509.1100	   1121.98	    2.0	    00000000     00000000	   1	[       ]
370   	0     	     21	              ""	    510.9740	   1864.01	    2.0	    00000000     00000000	   1	[       ]
371   	0     	    205	              ""	    512.7800	   1806.03	    2.0	    00000000     00000000	   1	[       ]
372   	0     	    220	              ""	    513.8620	   1081.97	    2.0	    00000000     00000000	   1	[       ]
373   	0     	     14	              ""	    514.1660	    304.02	    2.0	    00000000     00000000	   1	[       ]
374   	0     	    208	              ""	    515.9220	   1755.98	    2.0	    00000000     00000000	   1	[       ]
375   	0     	    220	              ""	    517.0120	   1090.03	    2.0	    00000000     00000000	   1	[       ]
376   	0     	     48	              ""	    517.3160	    303.96	    2.0	    00000000     00000000	   1	[       ]
377   	0     	    208	              ""	    519.0720	   1756.04	    2.0	    00000000     00000000	   1	[       ]
378   	0     	    220	              ""	    520.1480	   1075.99	    2.0	    00000000     00000000	   1	[       ]
379   	0     	     15	              ""	    522.0160	   1867.98	    2.0	    00000000     00000000	   1	[       ]
380   	0     	    201	              ""	    523.7560	   1739.99	    2.0	    00000000     00000000	   1	[       ]
381   	0     	    220	              ""	    524.8340	   1078.00	    2.0	    00000000     00000000	   1	[       ]
382   	0     	     35	              ""	    525.0920	    258.00	    2.0	    00000000     00000000	   1	[       ]
383   	0     	    201	              ""	    526.8140	   1722.05	    2.0	    00000000     00000000	   1	[       ]
384   	0     	    220	              ""	    527.8920	   1078.00	    2.0	    00000000     00000000	   1	[       ]
385   	0     	     47	              ""	    528.1500	    258.00	    2.0	    00000000     00000000	   1	[       ]
386   	0     	    201	              ""	    529.8560	   1705.99	    2.0	    00000000     00000000	   1	[       ]
387   	0     	    220	              ""	    530.9440	   1087.95	    2.0	    00000000     00000000	   1	[       ]
388   	0     	     49	              ""	    532.8100	   1866.03	    2.0	    00000000     00000000	   1	[       ]
389   	0     	    207	              ""	    534.5980	   1788.02	    2.0	    00000000     00000000	   1	[       ]
390   	0     	    220	              ""	    535.6800	   1081.97	    2.0	    00000000     00000000	   1	[       ]
391   	0     	      9	              ""	    536.0360	    356.02	    2.0	    00000000     00000000	   1	[       ]
392   	0     	    205	              ""	    537.8820	   1846.01	    2.0	    00000000     00000000	   1	[       ]
393   	0     	    220	              ""	    538.9800	   1097.96	    2.0	    00000000     00000000	   1	[       ]
394   	0     	     17	              ""	    539.2860	    306.03	    2.0	    00000000     00000000	   1	[       ]
395   	0     	    207	              ""	    541.0080	   1721.98	    2.0	    00000000     00000000	   1	[       ]
396   	0     	    220	              ""	    542.0860	   1078.00	    2.0	    00000000     00000000	   1	[       ]
397   	0     	      8	              ""	    543.9520	   1866.03	    2.0	    00000000     00000000	   1	[       ]
398   	0     	    202	              ""	    545.6740	   1721.98	    2.0	    00000000     00000000	   1	[       ]
399   	0     	    220	              ""	    546.7560	   1081.97	    2.0	    00000000     00000000	   1	[       ]
400   	0     	     46	              ""	    546.9600	    204.04	    2.0	    00000000     00000000	   1	[       ]
401   	0     	    204	              ""	    548.7260	   1765.99	    2.0	    00000000     00000000	   1	[       ]
402   	0     	    221	              ""	    549.8200	   1093.99	    2.0	    00000000     00000000	   1	[       ]
403   	0     	     18	              ""	    550.2280	    408.02	    2.0	    00000000     00000000	   1	[       ]
404   	0     	    207	              ""	    551.9180	   1690.00	    2.0	    00000000     00000000	   1	[       ]
405   	0     	    220	              ""	    552.9980	   1079.96	    2.0	    00000000     00000000	   1	[       ]
406   	0     	     27	              ""	    554.7120	   1713.99	    2.0	    00000000     00000000	   1	[       ]
407   	0     	    203	              ""	    556.4340	   1722.05	    2.0	    00000000     00000000	   1	[       ]
408   	0     	    220	              ""	    557.5220	   1087.95	    2.0	    00000000     00000000	   1	[       ]
409   	0     	      5	              ""	    557.7780	    256.04	    2.0	    00000000     00000000	   1	[       ]
410   	0     	    203	              ""	    559.5340	   1755.98	    2.0	    00000000     00000000	   1	[       ]
411   	0     	    220	              ""	    560.6160	   1082.03	    2.0	    00000000     00000000	   1	[       ]
412   	0     	     12	              ""	    560.8200	    203.98	    2.0	    00000000     00000000	   1	[       ]
413   	0     	    205	              ""	    562.5600	   1739.99	    2.0	    00000000     00000000	   1	[       ]
414   	0     	    220	              ""	    563.6640	   1104.00	    2.0	    00000000     00000000	   1	[       ]
415   	0     	      7	              ""	    565.3800	   1716.00	    2.0	    00000000     00000000	   1	[       ]
416   	0     	    201	              ""	    567.0780	   1698.00	    2.0	    00000000     00000000	   1	[       ]
417   	0     	    220	              ""	    568.1520	   1073.97	    2.0	    00000000     00000000	   1	[       ]
418   	0     	     44	              ""	    568.4060	    254.03	    2.0	    00000000     00000000	   1	[       ]
419   	0     	    208	              ""	    570.0860	   1679.99	    2.0	    00000000     00000000	   1	[       ]
420   	0     	    220	              ""	    571.1740	   1088.01	    2.0	    00000000     00000000	   1	[       ]
421   	0     	     27	              ""	    571.4800	    305.97	    2.0	    00000000     00000000	   1	[       ]
422   	0     	    205	              ""	    573.2860	   1806.03	    2.0	    00000000     00000000	   1	[       ]
423   	0     	    220	              ""	    574.3640	   1078.00	    2.0	    00000000     00000000	   1	[       ]
424   	0     	     16	              ""	    576.2300	   1865.97	    2.0	    00000000     00000000	   1	[       ]
425   	0     	    205	              ""	    577.9200	   1690.00	    2.0	    00000000     00000000	   1	[       ]
426   	0     	    221	              ""	    579.0200	   1100.04	    2.0	    00000000     00000000	   1	[       ]
427   	0     	     21	              ""	    579.3300	    310.00	    2.0	    00000000     00000000	   1	[       ]
428   	0     	    206	              ""	    581.0440	   1713.99	    2.0	    00000000     00000000	   1	[       ]
429   	0     	    220	              ""	    582.1400	   1096.01	    2.0	    00000000     00000000	   1	[       ]
430   	0     	     23	              ""	    582.5480	    407.96	    2.0	    00000000     00000000	   1	[       ]
431   	0     	    207	              ""	    584.3200	   1772.03	    2.0	    00000000     00000000	   1	[       ]
432   	0     	    220	              ""	    585.3860	   1065.98	    2.0	    00000000     00000000	   1	[       ]
433   	0     	     24	              ""	    587.1480	   1762.02	    2.0	    00000000     00000000	   1	[       ]
434   	0     	    202	              ""	    588.8700	   1721.98	    2.0	    00000000     00000000	   1	[       ]
435   	0     	    220	              ""	    589.9560	   1086.00	    2.0	    00000000     00000000	   1	[       ]
436   	0     	     24	              ""	    590.3660	    410.03	    2.0	    00000000     00000000	   1	[       ]
437   	0     	    204	              ""	    592.1960	   1829.96	    2.0	    00000000     00000000	   1	[       ]
438   	0     	    220	              ""	    593.2840	   1088.01	    2.0	    00000000     00000000	   1	[       ]
439   	0     	     19	              ""	    593.5900	    306.03	    2.0	    00000000     00000000	   1	[       ]
440   	0     	    205	              ""	    595.3300	   1739.99	    2.0	    00000000     00000000	   1	[       ]
441   	0     	    221	              ""	    596.4080	   1078.00	    2.0	    00000000     00000000	   1	[       ]
442   	0     	     22	              ""	    598.1240	   1716.00	    2.0	    00000000     00000000	   1	[       ]
443   	0     	    203	              ""	    599.9040	   1779.97	    2.0	    00000000     00000000	   1	[       ]
444   	0     	    220	              ""	    601.0240	   1120.00	    2.0	    00000000     00000000	   1	[       ]
445   	0     	     23	              ""	    601.2320	    208.01	    2.0	    00000000     00000000	   1	[       ]
446   	0     	    202	              ""	    602.9720	   1739.99	    2.0	    00000000     00000000	   1	[       ]
447   	0     	    220	              ""	    604.0560	   1084.05	    2.0	    00000000     00000000	   1	[       ]
448   	0     	     26	              ""	    604.4180	    362.00	    2.0	    00000000     00000000	   1	[       ]
449   	0     	    203	              ""	    606.1140	   1695.98	    2.0	    00000000     00000000	   1	[       ]
450   	0     	    220	              ""	    607.2180	   1104.00	    2.0	    00000000     00000000	   1	[       ]
451   	0     	      3	              ""	    608.9840	   1765.99	    2.0	    00000000     00000000	   1	[       ]
452   	0     	    208	              ""	    642.7260	  33742.00	    2.0	    00000000     00000000	   1	[       ]
453   	0     	    220	              ""	    643.8360	   1109.99	    2.0	    00000000     00000000	   1	[       ]
454   	0     	     50	              ""	    644.2460	    409.97	    2.0	    00000000     00000000	   1	[       ]
455   	0     	    205	              ""	    645.9600	   1714.05	    2.0	    00000000     00000000	   1	[       ]
456   	0     	    221	              ""	    647.0600	   1099.98	    2.0	    00000000     00000000	   1	[       ]
457   	0     	     25	              ""	    647.4620	    401.98	    2.0	    00000000     00000000	   1	[       ]
458   	0     	    207	              ""	    649.1600	   1698.00	    2.0	    00000000     00000000	   1	[       ]
459   	0     	    220	              ""	    650.2380	   1078.00	    2.0	    00000000     00000000	   1	[       ]
460   	0     	     33	              ""	    652.0540	   1816.04	    2.0	    00000000     00000000	   1	[       ]
461   	0     	    202	              ""	    653.8100	   1755.98	    2.0	    00000000     00000000	   1	[       ]
462   	0     	    220	              ""	    654.9080	   1098.02	    2.0	    00000000     00000000	   1	[       ]
463   	0     	     36	              ""	    655.3140	    406.01	    2.0	    00000000     00000000	   1	[       ]
464   	0     	    208	              ""	    657.0860	   1771.97	    2.0	    00000000     00000000	   1	[       ]
465   	0     	    220	              ""	    658.1740	   1088.01	    2.0	    00000000     00000000	   1	[       ]
466   	0     	     13	              ""	    658.5300	    356.02	    2.0	    00000000     00000000	   1	[       ]
467   	0     	    201	              ""	    660.2940	   1763.98	    2.0	    00000000     00000000	   1	[       ]
468   	0     	    220	              ""	    661.3840	   1089.97	    2.0	    00000000     00000000	   1	[       ]
469   	0     	      7	              ""	    663.2980	   1914.00	    2.0	    00000000     00000000	   1	[       ]
470   	0     	    207	              ""	    665.0700	   1772.03	    2.0	    00000000     00000000	   1	[       ]
471   	0     	    220	              ""	    666.1320	   1062.01	    2.0	    00000000     00000000	   1	[       ]
472   	0     	     43	              ""	    666.3900	    258.00	    2.0	    00000000     00000000	   1	[       ]
473   	0     	    201	              ""	    668.1360	   1745.97	    2.0	    00000000     00000000	   1	[       ]
474   	0     	    220	              ""	    669.2260	   1090.03	    2.0	    00000000     00000000	   1	[       ]
475   	0     	     34	              ""	    669.5320	    305.97	    2.0	    00000000     00000000	   1	[       ]
476   	0     	    201	              ""	    671.2860	   1754.03	    2.0	    00000000     00000000	   1	[       ]
477   	0     	    220	              ""	    672.3580	   1071.96	    2.0	    00000000     00000000	   1	[       ]
478   	0     	      6	              ""	    674.2740	   1916.02	    2.0	    00000000     00000000	   1	[       ]
479   	0     	    202	              ""	    676.0960	   1822.02	    2.0	    00000000     00000000	   1	[       ]
480   	0     	    220	              ""	    677.1720	   1075.99	    2.0	    00000000     00000000	   1	[       ]
481   	0     	     21	              ""	    677.4820	    310.00	    2.0	    00000000     00000000	   1	[       ]
482   	0     	    208	              ""	    679.2380	   1755.98	    2.0	    00000000     00000000	   1	[       ]
483   	0     	    220	              ""	    680.3280	   1090.03	    2.0	    00000000     00000000	   1	[       ]
484   	0     	     29	              ""	    680.5320	    203.98	    2.0	    00000000     00000000	   1	[       ]
485   	0     	    201	              ""	    682.2380	   1705.99	    2.0	    00000000     00000000	   1	[       ]
486   	0     	    220	              ""	    683.3220	   1084.05	    2.0	    00000000     00000000	   1	[       ]
487   	0     	     48	              ""	    685.1840	   1862.00	    2.0	    00000000     00000000	   1	[       ]
488   	0     	    202	              ""	    686.9220	   1737.98	    2.0	    00000000     00000000	   1	[       ]
489   	0     	    220	              ""	    688.0000	   1078.00	    2.0	    00000000     00000000	   1	[       ]
490   	0     	      8	              ""	    688.4080	    408.02	    2.0	    00000000     00000000	   1	[       ]
491   	0     	    201	              ""	    690.1800	   1771.97	    2.0	    00000000     00000000	   1	[       ]
492   	0     	    220	              ""	    691.2660	   1086.00	    2.0	    00000000     00000000	   1	[       ]
493   	0     	     50	              ""	    691.5760	    310.00	    2.0	    00000000     00000000	   1	[       ]
494   	0     	    208	              ""	    693.2800	   1704.04	    2.0	    00000000     00000000	   1	[       ]
495   	0     	    220	              ""	    694.3600	   1079.96	    2.0	    00000000     00000000	   1	[       ]
496   	0     	     23	              ""	    696.0760	   1716.00	    2.0	    00000000     00000000	   1	[       ]
497   	0     	    202	              ""	    697.7560	   1679.99	    2.0	    00000000     00000000	   1	[       ]
498   	0     	    220	              ""	    698.8560	   1100.04	    2.0	    00000000     00000000	   1	[       ]
499   	0     	     14	              ""	    699.2100	    354.00	    2.0	    00000000     00000000	   1	[       ]
500   	0     	    208	              ""	    701.0060	   1795.96	    2.0	    00000000     00000000	   1	[       ]
501   	0     	    220	              ""	    702.1160	   1110.05	    2.0	    00000000     00000000	   1	[       ]
502   	0     	     10	              ""	    702.4760	    359.99	    2.0	    00000000     00000000	   1	[       ]
503   	0     	    202	              ""	    704.2900	   1813.96	    2.0	    00000000     00000000	   1	[       ]
504   	0     	    220	              ""	    705.4060	   1116.03	    2.0	    00000000     00000000	   1	[       ]
505   	0     	     28	              ""	    707.2180	   1812.01	    2.0	    00000000     00000000	   1	[       ]
506   	0     	    202	              ""	    708.9740	   1755.98	    2.0	    00000000     00000000	   1	[       ]
507   	0     	    220	              ""	    710.0700	   1096.01	    2.0	    00000000     00000000	   1	[       ]
508   	0     	     34	              ""	    710.2760	    205.99	    2.0	    00000000     00000000	   1	[       ]
509   	0     	    207	              ""	    712.0080	   1731.99	    2.0	    00000000     00000000	   1	[       ]
510   	0     	    220	              ""	    713.1040	   1096.01	    2.0	    00000000     00000000	   1	[       ]
511   	0     	     46	              ""	    713.3100	    205.99	    2.0	    00000000     00000000	   1	[       ]
512   	0     	    207	              ""	    715.0140	   1703.98	    2.0	    00000000     00000000	   1	[       ]
513   	0     	    220	              ""	    716.1100	   1096.01	    2.0	    00000000     00000000	   1	[       ]
514   	0     	     22	              ""	    717.8780	   1768.01	    2.0	    00000000     00000000	   1	[       ]
515   	0     	    202	              ""	    719.6680	   1790.04	    2.0	    00000000     00000000	   1	[       ]
516   	0     	    220	              ""	    720.7760	   1107.97	    2.0	    00000000     00000000	   1	[       ]
517   	0     	     30	              ""	    721.1280	    351.99	    2.0	    00000000     00000000	   1	[       ]
518   	0     	    202	              ""	    722.8580	   1729.98	    2.0	    00000000     00000000	   1	[       ]
519   	0     	    220	              ""	    723.9380	   1080.02	    2.0	    00000000     00000000	   1	[       ]
520   	0     	     16	              ""	    724.2460	    307.98	    2.0	    00000000     00000000	   1	[       ]
521   	0     	    203	              ""	    725.9920	   1746.03	    2.0	    00000000     00000000	   1	[       ]
522   	0     	    220	              ""	    727.0720	   1080.02	    2.0	    00000000     00000000	   1	[       ]
523   	0     	      6	              ""	    728.7880	   1716.00	    2.0	    00000000     00000000	   1	[       ]
524   	0     	    207	              ""	    730.4760	   1687.99	    2.0	    00000000     00000000	   1	[       ]
525   	0     	    220	              ""	    731.5520	   1075.99	    2.0	    00000000     00000000	   1	[       ]
526   	0     	     13	              ""	    731.7620	    210.02	    2.0	    00000000     00000000	   1	[       ]
527   	0     	    204	              ""	    733.4500	   1687.99	    2.0	    00000000     00000000	   1	[       ]
528   	0     	    220	              ""	    734.5280	   1078.00	    2.0	    00000000     00000000	   1	[       ]
529   	0     	      7	              ""	    734.9380	    409.97	    2.0	    00000000     00000000	   1	[       ]
530   	0     	    202	              ""	    736.6520	   1713.99	    2.0	    00000000     00000000	   1	[       ]
531   	0     	    220	              ""	    737.7360	   1084.05	    2.0	    00000000     00000000	   1	[       ]
532   	0     	      5	              ""	    739.6060	   1870.00	    2.0	    00000000     00000000	   1	[       ]
533   	0     	    205	              ""	    741.3440	   1737.98	    2.0	    00000000     00000000	   1	[       ]
534   	0     	    220	              ""	    742.4320	   1088.01	    2.0	    00000000     00000000	   1	[       ]
535   	0     	      6	              ""	    742.8380	    406.01	    2.0	    00000000     00000000	   1	[       ]
536   	0     	    204	              ""	    744.5440	   1705.99	    2.0	    00000000     00000000	   1	[       ]
537   	0     	    221	              ""	    745.6260	   1081.97	    2.0	    00000000     00000000	   1	[       ]
538   	0     	      9	              ""	    745.9300	    304.02	    2.0	    00000000     00000000	   1	[       ]
539   	0     	    202	              ""	    747.6780	   1747.99	    2.0	    00000000     00000000	   1	[       ]
540   	0     	    220	              ""	    748.7560	   1078.00	    2.0	    00000000     00000000	   1	[       ]
541   	0     	     11	              ""	    750.5220	   1765.99	    2.0	    00000000     00000000	   1	[       ]
542   	0     	    201	              ""	    752.2200	   1698.00	    2.0	    00000000     00000000	   1	[       ]
543   	0     	    220	              ""	    753.3140	   1094.06	    2.0	    00000000     00000000	   1	[       ]
544   	0     	     12	              ""	    753.7220	    407.96	    2.0	    00000000     00000000	   1	[       ]
545   	0     	    204	              ""	    755.4700	   1747.99	    2.0	    00000000     00000000	   1	[       ]
546   	0     	    220	              ""	    756.5680	   1098.02	    2.0	    00000000     00000000	   1	[       ]
547   	0     	     10	              ""	    756.9740	    406.01	    2.0	    00000000     00000000	   1	[       ]
548   	0     	    204	              ""	    758.6960	   1721.98	    2.0	    00000000     00000000	   1	[       ]
549   	0     	    220	              ""	    759.7840	   1088.01	    2.0	    00000000     00000000	   1	[       ]
550   	0     	      2	              ""	    761.5480	   1763.98	    2.0	    00000000     00000000	   1	[       ]
551   	0     	    206	              ""	    763.2700	   1722.05	    2.0	    00000000     00000000	   1	[       ]
552   	0     	    220	              ""	    764.3600	   1089.97	    2.0	    00000000     00000000	   1	[       ]
553   	0     	     14	              ""	    764.7160	    356.02	    2.0	    00000000     00000000	   1	[       ]
554   	0     	    202	              ""	    766.4120	   1695.98	    2.0	    00000000     00000000	   1	[       ]
555   	0     	    220	              ""	    767.4900	   1078.00	    2.0	    00000000     00000000	   1	[       ]
556   	0     	     50	              ""	    767.7000	    210.02	    2.0	    00000000     00000000	   1	[       ]
557   	0     	    208	              ""	    769.4380	   1737.98	    2.0	    00000000     00000000	   1	[       ]
558   	0     	    220	              ""	    770.5380	   1100.04	    2.0	    00000000     00000000	   1	[       ]
559   	0     	     30	              ""	    772.2500	   1711.98	    2.0	    00000000     00000000	   1	[       ]
560   	0     	    206	              ""	    773.9560	   1705.99	    2.0	    00000000     00000000	   1	[       ]
561   	0     	    221	              ""	    775.0560	   1100.04	    2.0	    00000000     00000000	   1	[       ]
562   	0     	     13	              ""	    775.4680	    411.99	    2.0	    00000000     00000000	   1	[       ]
563   	0     	    204	              ""	    777.1800	   1711.98	    2.0	    00000000     00000000	   1	[       ]
564   	0     	    220	              ""	    778.2660	   1086.00	    2.0	    00000000     00000000	   1	[       ]
565   	0     	     16	              ""	    778.4760	    210.02	    2.0	    00000000     00000000	   1	[       ]
566   	0     	    201	              ""	    780.2900	   1813.96	    2.0	    00000000     00000000	   1	[       ]
567   	0     	    221	              ""	    781.3900	   1100.04	    2.0	    00000000     00000000	   1	[       ]
568   	0     	     18	              ""	    783.1100	   1719.97	    2.0	    00000000     00000000	   1	[       ]
569   	0     	    205	              ""	    784.8800	   1770.02	    2.0	    00000000     00000000	   1	[       ]
570   	0     	    220	              ""	    785.9780	   1098.02	    2.0	    00000000     00000000	   1	[       ]
571   	0     	      2	              ""	    786.1840	    205.99	    2.0	    00000000     00000000	   1	[       ]
572   	0     	    202	              ""	    787.9240	   1739.99	    2.0	    00000000     00000000	   1	[       ]
573   	0     	    220	              ""	    789.0160	   1091.98	    2.0	    00000000     00000000	   1	[       ]
574   	0     	     35	              ""	    789.4260	    410.03	    2.0	    00000000     00000000	   1	[       ]
575   	0     	    208	              ""	    791.2480	   1821.96	    2.0	    00000000     00000000	   1	[       ]
576   	0     	    220	              ""	    792.3480	   1100.04	    2.0	    00000000     00000000	   1	[       ]
577   	0     	     26	              ""	    794.2100	   1862.00	    2.0	    00000000     00000000	   1	[       ]
578   	0     	    208	              ""	    795.9920	   1781.98	    2.0	    00000000     00000000	   1	[       ]
579   	0     	    220	              ""	    797.0760	   1083.98	    2.0	    00000000     00000000	   1	[       ]
580   	0     	     45	              ""	    797.4860	    410.03	    2.0	    00000000     00000000	   1	[       ]
581   	0     	    203	              ""	    799.1820	   1695.98	    2.0	    00000000     00000000	   1	[       ]
582   	0     	    220	              ""	    800.2780	   1096.01	    2.0	    00000000     00000000	   1	[       ]
583   	0     	     17	              ""	    800.6360	    357.97	    2.0	    00000000     00000000	   1	[       ]
584   	0     	    208	              ""	    802.4160	   1780.03	    2.0	    00000000     00000000	   1	[       ]
585   	0     	    220	              ""	    803.5260	   1109.99	    2.0	    00000000     00000000	   1	[       ]
586   	0     	     18	              ""	    805.3440	   1817.99	    2.0	    00000000     00000000	   1	[       ]
587   	0     	    207	              ""	    807.0740	   1729.98	    2.0	    00000000     00000000	   1	[       ]
588   	0     	    220	              ""	    808.1520	   1078.00	    2.0	    00000000     00000000	   1	[       ]
589   	0     	     38	              ""	    808.4120	    260.01	    2.0	    00000000     00000000	   1	[       ]
590   	0     	    206	              ""	    810.2340	   1822.02	    2.0	    00000000     00000000	   1	[       ]
591   	0     	    220	              ""	    811.3360	   1101.99	    2.0	    00000000     00000000	   1	[       ]
592   	0     	     25	              ""	    811.5960	    260.01	    2.0	    00000000     00000000	   1	[       ]
593   	0     	    203	              ""	    813.2420	   1646.00	    2.0	    00000000     00000000	   1	[       ]
594   	0     	    221	              ""	    814.3220	   1080.02	    2.0	    00000000     00000000	   1	[       ]
595   	0     	     11	              ""	    816.1380	   1815.98	    2.0	    00000000     00000000	   1	[       ]
596   	0     	    203	              ""	    817.9520	   1814.03	    2.0	    00000000     00000000	   1	[       ]
597   	0     	    220	              ""	    819.0280	   1075.99	    2.0	    00000000     00000000	   1	[       ]
598   	0     	     13	              ""	    819.2380	    209.96	    2.0	    00000000     00000000	   1	[       ]
599   	0     	    203	              ""	    821.0680	   1830.02	    2.0	    00000000     00000000	   1	[       ]
600   	0     	    220	              ""	    822.1800	   1112.00	    2.0	    00000000     00000000	   1	[       ]
601   	0     	     22	              ""	    822.5380	    358.03	    2.0	    00000000     00000000	   1	[       ]
602   	0     	    203	              ""	    824.3340	   1795.96	    2.0	    00000000     00000000	   1	[       ]
603   	0     	    220	              ""	    825.4220	   1088.01	    2.0	    00000000     00000000	   1	[       ]
604   	0     	     25	              ""	    827.2880	   1866.03	    2.0	    00000000     00000000	   1	[       ]
605   	0     	    202	              ""	    829.0120	   1724.00	    2.0	    00000000     00000000	   1	[       ]
606   	0     	    220	              ""	    830.1040	   1091.98	    2.0	    00000000     00000000	   1	[       ]
607   	0     	     48	              ""	    830.4140	    310.00	    2.0	    00000000     00000000	   1	[       ]
608   	0     	    206	              ""	    832.3200	   1906.01	    2.0	    00000000     00000000	   1	[       ]
609   	0     	    220	              ""	    833.4060	   1086.00	    2.0	    00000000     00000000	   1	[       ]
610   	0     	     15	              ""	    833.6140	    208.01	    2.0	    00000000     00000000	   1	[       ]
611   	0     	    204	              ""	    835.3540	   1739.99	    2.0	    00000000     00000000	   1	[       ]
612   	0     	    220	              ""	    836.4500	   1096.01	    2.0	    00000000     00000000	   1	[       ]
613   	0     	     14	              ""	    838.3640	   1914.00	    2.0	    00000000     00000000	   1	[       ]
614   	0     	    201	              ""	    840.1860	   1821.96	    2.0	    00000000     00000000	   1	[       ]
615   	0     	    221	              ""	    841.3060	   1120.06	    2.0	    00000000     00000000	   1	[       ]
616   	0     	      9	              ""	    841.6140	    307.98	    2.0	    00000000     00000000	   1	[       ]
617   	0     	    208	              ""	    843.3280	   1713.99	    2.0	    00000000     00000000	   1	[       ]
618   	0     	    220	              ""	    844.4280	   1099.98	    2.0	    00000000     00000000	   1	[       ]
619   	0     	     37	              ""	    844.6820	    254.03	    2.0	    00000000     00000000	   1	[       ]
620   	0     	    205	              ""	    846.4780	   1796.02	    2.0	    00000000     00000000	   1	[       ]
621   	0     	    220	              ""	    847.5640	   1086.00	    2.0	    00000000     00000000	   1	[       ]
622   	0     	     13	              ""	    849.3820	   1817.99	    2.0	    00000000     00000000	   1	[       ]
623   	0     	    204	              ""	    851.1300	   1747.99	    2.0	    00000000     00000000	   1	[       ]
624   	0     	    220	              ""	    852.2160	   1086.00	    2.0	    00000000     00000000	   1	[       ]
625   	0     	     25	              ""	    852.4240	    208.01	    2.0	    00000000     00000000	   1	[       ]
626   	0     	    201	              ""	    854.1800	   1755.98	    2.0	    00000000     00000000	   1	[       ]
627   	0     	    220	              ""	    855.2600	   1080.02	    2.0	    00000000     00000000	   1	[       ]
628   	0     	     22	              ""	    855.5160	    255.98	    2.0	    00000000     00000000	   1	[       ]
629   	0     	    201	              ""	    857.3380	   1822.02	    2.0	    00000000     00000000	   1	[       ]
630   	0     	    220	              ""	    858.4380	   1099.98	    2.0	    00000000     00000000	   1	[       ]
631   	0     	     21	              ""	    860.2500	   1812.01	    2.0	    00000000     00000000	   1	[       ]
632   	0     	    202	              ""	    861.9800	   1729.98	    2.0	    00000000     00000000	   1	[       ]
633   	0     	    220	              ""	    863.0920	   1112.00	    2.0	    00000000     00000000	   1	[       ]
634   	0     	     12	              ""	    863.3500	    258.00	    2.0	    00000000     00000000	   1	[       ]
635   	0     	    206	              ""	    865.2140	   1864.01	    2.0	    00000000     00000000	   1	[       ]
636   	0     	    220	              ""	    866.2920	   1078.00	    2.0	    00000000     00000000	   1	[       ]
637   	0     	     21	              ""	    866.5500	    258.00	    2.0	    00000000     00000000	   1	[       ]
638   	0     	    206	              ""	    868.2240	   1674.01	    2.0	    00000000     00000000	   1	[       ]
639   	0     	    220	              ""	    869.3260	   1101.99	    2.0	    00000000     00000000	   1	[       ]
640   	0     	      9	              ""	    871.1940	   1867.98	    2.0	    00000000     00000000	   1	[       ]
641   	0     	    201	              ""	    872.9660	   1772.03	    2.0	    00000000     00000000	   1	[       ]
642   	0     	    220	              ""	    874.0560	   1090.03	    2.0	    00000000     00000000	   1	[       ]
643   	0     	     28	              ""	    874.3100	    253.97	    2.0	    00000000     00000000	   1	[       ]
644   	0     	    206	              ""	    875.9900	   1679.99	    2.0	    00000000     00000000	   1	[       ]
645   	0     	    220	              ""	    877.0820	   1091.98	    2.0	    00000000     00000000	   1	[       ]
646   	0     	     11	              ""	    877.4340	    352.05	    2.0	    00000000     00000000	   1	[       ]
647   	0     	    202	              ""	    879.1480	   1713.99	    2.0	    00000000     00000000	   1	[       ]
648   	0     	    220	              ""	    880.2340	   1086.00	    2.0	    00000000     00000000	   1	[       ]
649   	0     	      6	              ""	    882.0520	   1817.99	    2.0	    00000000     00000000	   1	[       ]
650   	0     	    202	              ""	    883.8320	   1779.97	    2.0	    00000000     00000000	   1	[       ]
651   	0     	    220	              ""	    884.9100	   1078.00	    2.0	    00000000     00000000	   1	[       ]
652   	0     	     20	              ""	    885.3180	    408.02	    2.0	    00000000     00000000	   1	[       ]
653   	0     	    206	              ""	    887.1000	   1781.98	    2.0	    00000000     00000000	   1	[       ]
654   	0     	    220	              ""	    888.2240	   1124.02	    2.0	    00000000     00000000	   1	[       ]
655   	0     	     12	              ""	    888.5280	    304.02	    2.0	    00000000     00000000	   1	[       ]
656   	0     	    201	              ""	    890.3160	   1787.96	    2.0	    00000000     00000000	   1	[       ]
657   	0     	    220	              ""	    891.4200	   1104.00	    2.0	    00000000     00000000	   1	[       ]
658   	0     	     42	              ""	    893.1860	   1765.99	    2.0	    00000000     00000000	   1	[       ]
659   	0     	    208	              ""	    894.8920	   1706.05	    2.0	    00000000     00000000	   1	[       ]
660   	0     	    220	              ""	    895.9720	   1079.96	    2.0	    00000000     00000000	   1	[       ]
661   	0     	     12	              ""	    896.2780	    306.03	    2.0	    00000000     00000000	   1	[       ]
662   	0     	    206	              ""	    897.9840	   1705.99	    2.0	    00000000     00000000	   1	[       ]
663   	0     	    221	              ""	    899.0720	   1088.01	    2.0	    00000000     00000000	   1	[       ]
664   	0     	     19	              ""	    899.3280	    255.98	    2.0	    00000000     00000000	   1	[       ]
665   	0     	    203	              ""	    901.0840	   1755.98	    2.0	    00000000     00000000	   1	[       ]
666   	0     	    220	              ""	    902.1660	   1082.03	    2.0	    00000000     00000000	   1	[       ]
667   	0     	     18	              ""	    904.0280	   1862.00	    2.0	    00000000     00000000	   1	[       ]
668   	0     	    204	              ""	    905.7440	   1716.00	    2.0	    00000000     00000000	   1	[       ]
669   	0     	    220	              ""	    906.8600	   1115.97	    2.0	    00000000     00000000	   1	[       ]
670   	0     	      3	              ""	    907.2620	    402.04	    2.0	    00000000     00000000	   1	[       ]
671   	0     	    208	              ""	    908.9860	   1724.00	    2.0	    00000000     00000000	   1	[       ]
672   	0     	    220	              ""	    910.0600	   1073.97	    2.0	    00000000     00000000	   1	[       ]
673   	0     	     46	              ""	    910.4640	    403.99	    2.0	    00000000     00000000	   1	[       ]
674   	0     	    205	              ""	    912.1940	   1729.98	    2.0	    00000000     00000000	   1	[       ]
675   	0     	    220	              ""	    913.2940	   1100.04	    2.0	    00000000     00000000	   1	[       ]
676   	0     	     12	              ""	    915.1140	   1820.01	    2.0	    00000000     00000000	   1	[       ]
677   	0     	    203	              ""	    930.9620	  15847.96	    2.0	    00000000     00000000	   1	[       ]
678   	0     	    220	              ""	    932.0780	   1116.03	    2.0	    00000000     00000000	   1	[       ]
679   	0     	     19	              ""	    932.2820	    203.98	    2.0	    00000000     00000000	   1	[       ]
