Bin   #(%) accepted   #(%) rejected    # F2    # F3    # F4    # F5    # F6    # F7    # F8
  1      25( 69.4)       11( 30.6)       0       0       0       0       0       0       0
  2      29( 76.3)        9( 23.7)       0       0       0       0       0       0       0
  3      12( 66.7)        6( 33.3)       0       0       0       0       0       0       0
  4      16( 80.0)        4( 20.0)       0       0       0       0       0       0       0
  5      18( 81.8)        4( 18.2)       0       0       0       0       0       0       0
  6      16( 88.9)        2( 11.1)       0       0       0       0       0       0       0
  7      26( 72.2)       10( 27.8)       0       0       0       0       0       0       0
  8      37( 97.4)        1(  2.6)       0       0       0       0       0       0       0
____________________________________________________________________________________________________
Total   179( 79.2)       47( 20.8)       0       0       0       0       0       0       0

