Bin   #(%) accepted   #(%) rejected    # F2    # F3    # F4    # F5    # F6    # F7    # F8
  1       0(  0.0)        9(100.0)       0       0       0       0       0       0       0
  2       3( 42.9)        4( 57.1)       0       0       0       0       0       0       0
  3       9(100.0)        0(  0.0)       0       0       0       0       0       0       0
  4       4( 57.1)        3( 42.9)       0       0       0       0       0       0       0
  5       3( 33.3)        6( 66.7)       0       0       0       0       0       0       0
  6       2( 28.6)        5( 71.4)       0       0       0       0       0       0       0
  7       6( 66.7)        3( 33.3)       0       0       0       0       0       0       0
  8       6( 85.7)        1( 14.3)       0       0       0       0       0       0       0
  9       7( 77.8)        2( 22.2)       0       0       0       0       0       0       0
 10       6( 85.7)        1( 14.3)       0       0       0       0       0       0       0
 11       3( 33.3)        6( 66.7)       0       0       0       0       0       0       0
 12       2( 28.6)        5( 71.4)       0       0       0       0       0       0       0
 13       1( 11.1)        8( 88.9)       0       0       0       0       0       0       0
 14       1( 14.3)        6( 85.7)       0       0       0       0       0       0       0
 15       7( 77.8)        2( 22.2)       0       0       0       0       0       0       0
 16       3( 42.9)        4( 57.1)       0       0       0       0       0       0       0
 17       4( 44.4)        5( 55.6)       0       0       0       0       0       0       0
 18       4( 57.1)        3( 42.9)       0       0       0       0       0       0       0
 19       7( 77.8)        2( 22.2)       0       0       0       0       0       0       0
 20       5( 71.4)        2( 28.6)       0       0       0       0       0       0       0
 21       9(100.0)        0(  0.0)       0       0       0       0       0       0       0
 22       4( 57.1)        3( 42.9)       0       0       0       0       0       0       0
 23       0(  0.0)        9(100.0)       0       0       0       0       0       0       0
 24       3( 42.9)        4( 57.1)       0       0       0       0       0       0       0
____________________________________________________________________________________________________
Total    99( 51.6)       93( 48.4)       0       0       0       0       0       0       0

