#  Non-editable header begin --------------------------------------------------------------------------------
# 
#  data format...............: continuous
#  setname...................: m21_s172_vsl1_filt_rs_ref_elist
#  filename..................: m21_s172_vsl1_filt_rs_ref.set
#  filepath..................: Z:\PROJECTS\MPH_H\MORPH21\dat\erp\S172
#  nchan.....................: 33
#  pnts......................: 127980
#  srate.....................: 200
#  nevents...................: 579
#  generated by (bdf)........: 
#  generated by (set)........: m21_s172_vsl1_filt_rs_ref_elist
#  reported in ..............: 
#  prog Version..............: 7.0.0
#  creation date.............: 18-Jul-2019 11:26:05
#  user Account..............: 
# 
#  Non-editable header end --------------------------------------------------------------------------------




# item	 bepoch	  ecode	            label	      onset	          diff	     dura	b_flags	   a_flags	  enable	    bin
#                                                 (sec)           (msec)     (msec)    (binary)   (binary)


1     	0     	    -99	        boundary	      0.0000	      0.00	    NaN	    00000000     00000000	   1	[       ]
2     	0     	      4	              ""	     55.8240	  55824.00	    2.0	    00000000     00000000	   1	[       ]
3     	0     	     12	              ""	     55.8340	     10.00	    2.0	    00000000     00000000	   1	[       ]
4     	0     	     12	              ""	     56.8420	   1008.00	    2.0	    00000000     00000000	   1	[       ]
5     	0     	     12	              ""	     57.8500	   1008.00	    2.0	    00000000     00000000	   1	[       ]
6     	0     	     16	              ""	     58.8580	   1008.00	    2.0	    00000000     00000000	   1	[       ]
7     	0     	     16	              ""	     59.8680	   1010.00	    2.0	    00000000     00000000	   1	[       ]
8     	0     	     16	              ""	     60.8760	   1008.00	    2.0	    00000000     00000000	   1	[       ]
9     	0     	     13	              ""	     61.8840	   1008.00	    2.0	    00000000     00000000	   1	[       ]
10    	0     	     13	              ""	     62.8920	   1008.00	    2.0	    00000000     00000000	   1	[       ]
11    	0     	     13	              ""	     63.9000	   1008.00	    2.0	    00000000     00000000	   1	[       ]
12    	0     	     15	              ""	     64.9100	   1010.00	    2.0	    00000000     00000000	   1	[       ]
13    	0     	     15	              ""	     65.9180	   1008.00	    2.0	    00000000     00000000	   1	[       ]
14    	0     	     15	              ""	     66.9260	   1008.00	    2.0	    00000000     00000000	   1	[       ]
15    	0     	     14	              ""	     67.9340	   1008.00	    2.0	    00000000     00000000	   1	[       ]
16    	0     	     14	              ""	     68.9440	   1010.00	    2.0	    00000000     00000000	   1	[       ]
17    	0     	     14	              ""	     69.9520	   1008.00	    2.0	    00000000     00000000	   1	[       ]
18    	0     	     18	              ""	     70.9600	   1008.00	    2.0	    00000000     00000000	   1	[       ]
19    	0     	     18	              ""	     71.9680	   1008.00	    2.0	    00000000     00000000	   1	[       ]
20    	0     	     18	              ""	     72.9760	   1008.00	    2.0	    00000000     00000000	   1	[       ]
21    	0     	     17	              ""	     73.9860	   1010.00	    2.0	    00000000     00000000	   1	[       ]
22    	0     	     17	              ""	     74.9940	   1008.00	    2.0	    00000000     00000000	   1	[       ]
23    	0     	     17	              ""	     76.0020	   1008.00	    2.0	    00000000     00000000	   1	[       ]
24    	0     	     11	              ""	     77.0100	   1008.00	    2.0	    00000000     00000000	   1	[       ]
25    	0     	     11	              ""	     78.0180	   1008.00	    2.0	    00000000     00000000	   1	[       ]
26    	0     	     11	              ""	     79.0280	   1010.00	    2.0	    00000000     00000000	   1	[       ]
27    	0     	     26	              ""	     80.0360	   1008.00	    2.0	    00000000     00000000	   1	[       ]
28    	0     	     26	              ""	     81.0440	   1008.00	    2.0	    00000000     00000000	   1	[       ]
29    	0     	     26	              ""	     82.0520	   1008.00	    2.0	    00000000     00000000	   1	[       ]
30    	0     	     21	              ""	     83.0620	   1009.99	    2.0	    00000000     00000000	   1	[       ]
31    	0     	     21	              ""	     84.0700	   1008.00	    2.0	    00000000     00000000	   1	[       ]
32    	0     	     21	              ""	     85.0780	   1008.00	    2.0	    00000000     00000000	   1	[       ]
33    	0     	     25	              ""	     86.0860	   1008.00	    2.0	    00000000     00000000	   1	[       ]
34    	0     	     25	              ""	     87.0940	   1008.00	    2.0	    00000000     00000000	   1	[       ]
35    	0     	     25	              ""	     88.1040	   1009.99	    2.0	    00000000     00000000	   1	[       ]
36    	0     	     24	              ""	     89.1120	   1008.00	    2.0	    00000000     00000000	   1	[       ]
37    	0     	     24	              ""	     90.1200	   1008.00	    2.0	    00000000     00000000	   1	[       ]
38    	0     	     24	              ""	     91.1280	   1008.00	    2.0	    00000000     00000000	   1	[       ]
39    	0     	     28	              ""	     92.1360	   1008.00	    2.0	    00000000     00000000	   1	[       ]
40    	0     	     28	              ""	     93.1460	   1010.00	    2.0	    00000000     00000000	   1	[       ]
41    	0     	     28	              ""	     94.1540	   1008.00	    2.0	    00000000     00000000	   1	[       ]
42    	0     	     22	              ""	     95.1620	   1008.00	    2.0	    00000000     00000000	   1	[       ]
43    	0     	     22	              ""	     96.1700	   1008.00	    2.0	    00000000     00000000	   1	[       ]
44    	0     	     22	              ""	     97.1800	   1010.00	    2.0	    00000000     00000000	   1	[       ]
45    	0     	     23	              ""	     98.1880	   1008.00	    2.0	    00000000     00000000	   1	[       ]
46    	0     	     23	              ""	     99.1960	   1008.00	    2.0	    00000000     00000000	   1	[       ]
47    	0     	     23	              ""	    100.2040	   1008.00	    2.0	    00000000     00000000	   1	[       ]
48    	0     	     27	              ""	    101.2120	   1008.00	    2.0	    00000000     00000000	   1	[       ]
49    	0     	     27	              ""	    102.2220	   1010.00	    2.0	    00000000     00000000	   1	[       ]
50    	0     	     27	              ""	    103.2300	   1008.00	    2.0	    00000000     00000000	   1	[       ]
51    	0     	     33	              ""	    104.2380	   1008.00	    2.0	    00000000     00000000	   1	[       ]
52    	0     	     33	              ""	    105.2460	   1008.00	    2.0	    00000000     00000000	   1	[       ]
53    	0     	     33	              ""	    106.2560	   1009.99	    2.0	    00000000     00000000	   1	[       ]
54    	0     	     38	              ""	    107.2640	   1008.00	    2.0	    00000000     00000000	   1	[       ]
55    	0     	     38	              ""	    108.2720	   1008.00	    2.0	    00000000     00000000	   1	[       ]
56    	0     	     38	              ""	    109.2800	   1008.00	    2.0	    00000000     00000000	   1	[       ]
57    	0     	     35	              ""	    110.2880	   1008.00	    2.0	    00000000     00000000	   1	[       ]
58    	0     	     35	              ""	    111.2980	   1009.99	    2.0	    00000000     00000000	   1	[       ]
59    	0     	     35	              ""	    112.3060	   1008.00	    2.0	    00000000     00000000	   1	[       ]
60    	0     	     37	              ""	    113.3140	   1008.00	    2.0	    00000000     00000000	   1	[       ]
61    	0     	     37	              ""	    114.3220	   1008.00	    2.0	    00000000     00000000	   1	[       ]
62    	0     	     37	              ""	    115.3300	   1008.00	    2.0	    00000000     00000000	   1	[       ]
63    	0     	     36	              ""	    116.3400	   1009.99	    2.0	    00000000     00000000	   1	[       ]
64    	0     	     36	              ""	    117.3480	   1008.00	    2.0	    00000000     00000000	   1	[       ]
65    	0     	     36	              ""	    118.3560	   1008.00	    2.0	    00000000     00000000	   1	[       ]
66    	0     	     31	              ""	    119.3640	   1008.00	    2.0	    00000000     00000000	   1	[       ]
67    	0     	     31	              ""	    120.3740	   1010.00	    2.0	    00000000     00000000	   1	[       ]
68    	0     	     31	              ""	    121.3820	   1008.00	    2.0	    00000000     00000000	   1	[       ]
69    	0     	     32	              ""	    122.3900	   1008.00	    2.0	    00000000     00000000	   1	[       ]
70    	0     	     32	              ""	    123.3980	   1008.00	    2.0	    00000000     00000000	   1	[       ]
71    	0     	     32	              ""	    124.4060	   1008.00	    2.0	    00000000     00000000	   1	[       ]
72    	0     	     34	              ""	    125.4160	   1010.00	    2.0	    00000000     00000000	   1	[       ]
73    	0     	     34	              ""	    126.4240	   1008.00	    2.0	    00000000     00000000	   1	[       ]
74    	0     	     34	              ""	    127.4320	   1008.00	    2.0	    00000000     00000000	   1	[       ]
75    	0     	     43	              ""	    128.4400	   1008.00	    2.0	    00000000     00000000	   1	[       ]
76    	0     	     43	              ""	    129.4480	   1008.00	    2.0	    00000000     00000000	   1	[       ]
77    	0     	     43	              ""	    130.4580	   1009.99	    2.0	    00000000     00000000	   1	[       ]
78    	0     	     42	              ""	    131.4660	   1008.01	    2.0	    00000000     00000000	   1	[       ]
79    	0     	     42	              ""	    132.4740	   1008.00	    2.0	    00000000     00000000	   1	[       ]
80    	0     	     42	              ""	    133.4820	   1008.00	    2.0	    00000000     00000000	   1	[       ]
81    	0     	     45	              ""	    134.4920	   1010.01	    2.0	    00000000     00000000	   1	[       ]
82    	0     	     45	              ""	    135.5000	   1008.00	    2.0	    00000000     00000000	   1	[       ]
83    	0     	     45	              ""	    136.5080	   1008.00	    2.0	    00000000     00000000	   1	[       ]
84    	0     	     48	              ""	    137.5160	   1008.01	    2.0	    00000000     00000000	   1	[       ]
85    	0     	     48	              ""	    138.5240	   1008.00	    2.0	    00000000     00000000	   1	[       ]
86    	0     	     48	              ""	    139.5340	   1009.99	    2.0	    00000000     00000000	   1	[       ]
87    	0     	     44	              ""	    140.5420	   1008.01	    2.0	    00000000     00000000	   1	[       ]
88    	0     	     44	              ""	    141.5500	   1008.00	    2.0	    00000000     00000000	   1	[       ]
89    	0     	     44	              ""	    142.5580	   1008.00	    2.0	    00000000     00000000	   1	[       ]
90    	0     	     46	              ""	    143.5660	   1008.00	    2.0	    00000000     00000000	   1	[       ]
91    	0     	     46	              ""	    144.5760	   1010.01	    2.0	    00000000     00000000	   1	[       ]
92    	0     	     46	              ""	    145.5840	   1008.00	    2.0	    00000000     00000000	   1	[       ]
93    	0     	     41	              ""	    146.5920	   1008.00	    2.0	    00000000     00000000	   1	[       ]
94    	0     	     41	              ""	    147.6000	   1008.01	    2.0	    00000000     00000000	   1	[       ]
95    	0     	     41	              ""	    148.6100	   1009.99	    2.0	    00000000     00000000	   1	[       ]
96    	0     	     47	              ""	    149.6180	   1008.00	    2.0	    00000000     00000000	   1	[       ]
97    	0     	     47	              ""	    150.6260	   1008.01	    2.0	    00000000     00000000	   1	[       ]
98    	0     	     47	              ""	    151.6340	   1008.00	    2.0	    00000000     00000000	   1	[       ]
99    	0     	     55	              ""	    152.6420	   1008.00	    2.0	    00000000     00000000	   1	[       ]
100   	0     	     55	              ""	    153.6520	   1009.99	    2.0	    00000000     00000000	   1	[       ]
101   	0     	     55	              ""	    154.6600	   1008.01	    2.0	    00000000     00000000	   1	[       ]
102   	0     	     54	              ""	    155.6680	   1008.00	    2.0	    00000000     00000000	   1	[       ]
103   	0     	     54	              ""	    156.6760	   1008.00	    2.0	    00000000     00000000	   1	[       ]
104   	0     	     54	              ""	    157.6840	   1008.01	    2.0	    00000000     00000000	   1	[       ]
105   	0     	     57	              ""	    158.6940	   1009.99	    2.0	    00000000     00000000	   1	[       ]
106   	0     	     57	              ""	    159.7020	   1008.00	    2.0	    00000000     00000000	   1	[       ]
107   	0     	     57	              ""	    160.7100	   1008.01	    2.0	    00000000     00000000	   1	[       ]
108   	0     	     58	              ""	    161.7180	   1008.00	    2.0	    00000000     00000000	   1	[       ]
109   	0     	     58	              ""	    162.7280	   1009.99	    2.0	    00000000     00000000	   1	[       ]
110   	0     	     58	              ""	    163.7360	   1008.00	    2.0	    00000000     00000000	   1	[       ]
111   	0     	     56	              ""	    164.7440	   1008.01	    2.0	    00000000     00000000	   1	[       ]
112   	0     	     56	              ""	    165.7520	   1008.00	    2.0	    00000000     00000000	   1	[       ]
113   	0     	     56	              ""	    166.7600	   1008.00	    2.0	    00000000     00000000	   1	[       ]
114   	0     	     52	              ""	    167.7700	   1010.01	    2.0	    00000000     00000000	   1	[       ]
115   	0     	     52	              ""	    168.7780	   1008.00	    2.0	    00000000     00000000	   1	[       ]
116   	0     	     52	              ""	    169.7860	   1008.00	    2.0	    00000000     00000000	   1	[       ]
117   	0     	     53	              ""	    170.7940	   1008.01	    2.0	    00000000     00000000	   1	[       ]
118   	0     	     53	              ""	    171.8040	   1009.99	    2.0	    00000000     00000000	   1	[       ]
119   	0     	     53	              ""	    172.8120	   1008.00	    2.0	    00000000     00000000	   1	[       ]
120   	0     	     51	              ""	    173.8200	   1008.01	    2.0	    00000000     00000000	   1	[       ]
121   	0     	     51	              ""	    174.8280	   1008.00	    2.0	    00000000     00000000	   1	[       ]
122   	0     	     51	              ""	    175.8360	   1008.00	    2.0	    00000000     00000000	   1	[       ]
123   	0     	     65	              ""	    176.8460	   1009.99	    2.0	    00000000     00000000	   1	[       ]
124   	0     	     65	              ""	    177.8540	   1008.01	    2.0	    00000000     00000000	   1	[       ]
125   	0     	     65	              ""	    178.8620	   1008.00	    2.0	    00000000     00000000	   1	[       ]
126   	0     	     66	              ""	    179.8700	   1008.00	    2.0	    00000000     00000000	   1	[       ]
127   	0     	     66	              ""	    180.8780	   1008.01	    2.0	    00000000     00000000	   1	[       ]
128   	0     	     66	              ""	    181.8880	   1009.99	    2.0	    00000000     00000000	   1	[       ]
129   	0     	     64	              ""	    182.8960	   1008.00	    2.0	    00000000     00000000	   1	[       ]
130   	0     	     64	              ""	    183.9040	   1008.01	    2.0	    00000000     00000000	   1	[       ]
131   	0     	     64	              ""	    184.9120	   1008.00	    2.0	    00000000     00000000	   1	[       ]
132   	0     	     63	              ""	    185.9220	   1009.99	    2.0	    00000000     00000000	   1	[       ]
133   	0     	     63	              ""	    186.9300	   1008.00	    2.0	    00000000     00000000	   1	[       ]
134   	0     	     63	              ""	    187.9380	   1008.01	    2.0	    00000000     00000000	   1	[       ]
135   	0     	     61	              ""	    188.9460	   1008.00	    2.0	    00000000     00000000	   1	[       ]
136   	0     	     61	              ""	    189.9540	   1008.00	    2.0	    00000000     00000000	   1	[       ]
137   	0     	     61	              ""	    190.9640	   1010.01	    2.0	    00000000     00000000	   1	[       ]
138   	0     	     68	              ""	    191.9720	   1008.00	    2.0	    00000000     00000000	   1	[       ]
139   	0     	     68	              ""	    192.9800	   1008.00	    2.0	    00000000     00000000	   1	[       ]
140   	0     	     68	              ""	    193.9880	   1008.01	    2.0	    00000000     00000000	   1	[       ]
141   	0     	     67	              ""	    194.9960	   1008.00	    2.0	    00000000     00000000	   1	[       ]
142   	0     	     67	              ""	    196.0060	   1009.99	    2.0	    00000000     00000000	   1	[       ]
143   	0     	     67	              ""	    197.0140	   1008.01	    2.0	    00000000     00000000	   1	[       ]
144   	0     	     62	              ""	    198.0220	   1008.00	    2.0	    00000000     00000000	   1	[       ]
145   	0     	     62	              ""	    199.0300	   1008.00	    2.0	    00000000     00000000	   1	[       ]
146   	0     	     62	              ""	    200.0400	   1009.99	    2.0	    00000000     00000000	   1	[       ]
147   	0     	     74	              ""	    201.0480	   1008.01	    2.0	    00000000     00000000	   1	[       ]
148   	0     	     74	              ""	    202.0560	   1008.00	    2.0	    00000000     00000000	   1	[       ]
149   	0     	     74	              ""	    203.0640	   1008.00	    2.0	    00000000     00000000	   1	[       ]
150   	0     	     72	              ""	    204.0720	   1008.01	    2.0	    00000000     00000000	   1	[       ]
151   	0     	     72	              ""	    205.0820	   1009.99	    2.0	    00000000     00000000	   1	[       ]
152   	0     	     72	              ""	    206.0900	   1008.00	    2.0	    00000000     00000000	   1	[       ]
153   	0     	     77	              ""	    207.0980	   1008.01	    2.0	    00000000     00000000	   1	[       ]
154   	0     	     77	              ""	    208.1060	   1008.00	    2.0	    00000000     00000000	   1	[       ]
155   	0     	     77	              ""	    209.1140	   1008.00	    2.0	    00000000     00000000	   1	[       ]
156   	0     	     73	              ""	    210.1240	   1009.99	    2.0	    00000000     00000000	   1	[       ]
157   	0     	     73	              ""	    211.1320	   1008.01	    2.0	    00000000     00000000	   1	[       ]
158   	0     	     73	              ""	    212.1400	   1008.00	    2.0	    00000000     00000000	   1	[       ]
159   	0     	     78	              ""	    213.1480	   1008.00	    2.0	    00000000     00000000	   1	[       ]
160   	0     	     78	              ""	    214.1580	   1010.01	    2.0	    00000000     00000000	   1	[       ]
161   	0     	     78	              ""	    215.1660	   1008.00	    2.0	    00000000     00000000	   1	[       ]
162   	0     	     76	              ""	    216.1740	   1008.00	    2.0	    00000000     00000000	   1	[       ]
163   	0     	     76	              ""	    217.1820	   1008.01	    2.0	    00000000     00000000	   1	[       ]
164   	0     	     76	              ""	    218.1900	   1008.00	    2.0	    00000000     00000000	   1	[       ]
165   	0     	     75	              ""	    219.2000	   1009.99	    2.0	    00000000     00000000	   1	[       ]
166   	0     	     75	              ""	    220.2080	   1008.00	    2.0	    00000000     00000000	   1	[       ]
167   	0     	     75	              ""	    221.2160	   1008.01	    2.0	    00000000     00000000	   1	[       ]
168   	0     	     71	              ""	    222.2240	   1008.00	    2.0	    00000000     00000000	   1	[       ]
169   	0     	     71	              ""	    223.2320	   1008.00	    2.0	    00000000     00000000	   1	[       ]
170   	0     	     71	              ""	    224.2420	   1010.01	    2.0	    00000000     00000000	   1	[       ]
171   	0     	     82	              ""	    225.2500	   1008.00	    2.0	    00000000     00000000	   1	[       ]
172   	0     	     82	              ""	    226.2580	   1008.00	    2.0	    00000000     00000000	   1	[       ]
173   	0     	     82	              ""	    227.2660	   1008.01	    2.0	    00000000     00000000	   1	[       ]
174   	0     	     86	              ""	    228.2760	   1009.99	    2.0	    00000000     00000000	   1	[       ]
175   	0     	     86	              ""	    229.2840	   1008.00	    2.0	    00000000     00000000	   1	[       ]
176   	0     	     86	              ""	    230.2920	   1008.01	    2.0	    00000000     00000000	   1	[       ]
177   	0     	     81	              ""	    231.3000	   1008.00	    2.0	    00000000     00000000	   1	[       ]
178   	0     	     81	              ""	    232.3080	   1008.00	    2.0	    00000000     00000000	   1	[       ]
179   	0     	     81	              ""	    233.3180	   1009.99	    2.0	    00000000     00000000	   1	[       ]
180   	0     	     88	              ""	    234.3260	   1008.01	    2.0	    00000000     00000000	   1	[       ]
181   	0     	     88	              ""	    235.3340	   1008.00	    2.0	    00000000     00000000	   1	[       ]
182   	0     	     88	              ""	    236.3420	   1008.00	    2.0	    00000000     00000000	   1	[       ]
183   	0     	     84	              ""	    237.3520	   1010.01	    2.0	    00000000     00000000	   1	[       ]
184   	0     	     84	              ""	    238.3600	   1008.00	    2.0	    00000000     00000000	   1	[       ]
185   	0     	     84	              ""	    239.3680	   1008.00	    2.0	    00000000     00000000	   1	[       ]
186   	0     	     83	              ""	    240.3760	   1008.01	    2.0	    00000000     00000000	   1	[       ]
187   	0     	     83	              ""	    241.3840	   1008.00	    2.0	    00000000     00000000	   1	[       ]
188   	0     	     83	              ""	    242.3940	   1009.99	    2.0	    00000000     00000000	   1	[       ]
189   	0     	     85	              ""	    243.4020	   1008.00	    2.0	    00000000     00000000	   1	[       ]
190   	0     	     85	              ""	    244.4100	   1008.01	    2.0	    00000000     00000000	   1	[       ]
191   	0     	     85	              ""	    245.4180	   1008.00	    2.0	    00000000     00000000	   1	[       ]
192   	0     	     87	              ""	    246.4260	   1008.00	    2.0	    00000000     00000000	   1	[       ]
193   	0     	     87	              ""	    247.4360	   1010.01	    2.0	    00000000     00000000	   1	[       ]
194   	0     	     87	              ""	    248.4440	   1008.00	    2.0	    00000000     00000000	   1	[       ]
195   	0     	     95	              ""	    249.4520	   1008.00	    2.0	    00000000     00000000	   1	[       ]
196   	0     	     95	              ""	    250.4600	   1008.01	    2.0	    00000000     00000000	   1	[       ]
197   	0     	     95	              ""	    251.4700	   1009.99	    2.0	    00000000     00000000	   1	[       ]
198   	0     	     94	              ""	    252.4780	   1008.00	    2.0	    00000000     00000000	   1	[       ]
199   	0     	     94	              ""	    253.4860	   1008.00	    2.0	    00000000     00000000	   1	[       ]
200   	0     	     94	              ""	    254.4940	   1008.01	    2.0	    00000000     00000000	   1	[       ]
201   	0     	     96	              ""	    255.5020	   1008.00	    2.0	    00000000     00000000	   1	[       ]
202   	0     	     96	              ""	    256.5120	   1009.99	    2.0	    00000000     00000000	   1	[       ]
203   	0     	     96	              ""	    257.5200	   1008.00	    2.0	    00000000     00000000	   1	[       ]
204   	0     	     92	              ""	    258.5280	   1008.03	    2.0	    00000000     00000000	   1	[       ]
205   	0     	     92	              ""	    259.5360	   1008.00	    2.0	    00000000     00000000	   1	[       ]
206   	0     	     92	              ""	    260.5440	   1008.00	    2.0	    00000000     00000000	   1	[       ]
207   	0     	     93	              ""	    261.5540	   1009.98	    2.0	    00000000     00000000	   1	[       ]
208   	0     	     93	              ""	    262.5620	   1008.03	    2.0	    00000000     00000000	   1	[       ]
209   	0     	     93	              ""	    263.5700	   1008.00	    2.0	    00000000     00000000	   1	[       ]
210   	0     	     97	              ""	    264.5780	   1008.00	    2.0	    00000000     00000000	   1	[       ]
211   	0     	     97	              ""	    265.5880	   1010.01	    2.0	    00000000     00000000	   1	[       ]
212   	0     	     97	              ""	    266.5960	   1008.00	    2.0	    00000000     00000000	   1	[       ]
213   	0     	     91	              ""	    267.6040	   1008.00	    2.0	    00000000     00000000	   1	[       ]
214   	0     	     91	              ""	    268.6120	   1008.00	    2.0	    00000000     00000000	   1	[       ]
215   	0     	     91	              ""	    269.6200	   1008.00	    2.0	    00000000     00000000	   1	[       ]
216   	0     	     98	              ""	    270.6300	   1010.01	    2.0	    00000000     00000000	   1	[       ]
217   	0     	     98	              ""	    271.6380	   1008.00	    2.0	    00000000     00000000	   1	[       ]
218   	0     	     98	              ""	    272.6460	   1008.00	    2.0	    00000000     00000000	   1	[       ]
219   	0     	    102	              ""	    273.6540	   1008.00	    2.0	    00000000     00000000	   1	[       ]
220   	0     	    102	              ""	    274.6620	   1008.00	    2.0	    00000000     00000000	   1	[       ]
221   	0     	    102	              ""	    275.6720	   1010.01	    2.0	    00000000     00000000	   1	[       ]
222   	0     	    103	              ""	    276.6800	   1008.00	    2.0	    00000000     00000000	   1	[       ]
223   	0     	    103	              ""	    277.6880	   1008.00	    2.0	    00000000     00000000	   1	[       ]
224   	0     	    103	              ""	    278.6960	   1008.03	    2.0	    00000000     00000000	   1	[       ]
225   	0     	    105	              ""	    279.7060	   1009.98	    2.0	    00000000     00000000	   1	[       ]
226   	0     	    105	              ""	    280.7140	   1008.00	    2.0	    00000000     00000000	   1	[       ]
227   	0     	    105	              ""	    281.7220	   1008.00	    2.0	    00000000     00000000	   1	[       ]
228   	0     	    108	              ""	    282.7300	   1008.03	    2.0	    00000000     00000000	   1	[       ]
229   	0     	    108	              ""	    283.7380	   1008.00	    2.0	    00000000     00000000	   1	[       ]
230   	0     	    108	              ""	    284.7480	   1009.98	    2.0	    00000000     00000000	   1	[       ]
231   	0     	    107	              ""	    285.7560	   1008.03	    2.0	    00000000     00000000	   1	[       ]
232   	0     	    107	              ""	    286.7640	   1008.00	    2.0	    00000000     00000000	   1	[       ]
233   	0     	    107	              ""	    287.7720	   1008.00	    2.0	    00000000     00000000	   1	[       ]
234   	0     	    101	              ""	    288.7820	   1010.01	    2.0	    00000000     00000000	   1	[       ]
235   	0     	    101	              ""	    289.7900	   1008.00	    2.0	    00000000     00000000	   1	[       ]
236   	0     	    101	              ""	    290.7980	   1008.00	    2.0	    00000000     00000000	   1	[       ]
237   	0     	    104	              ""	    291.8060	   1008.00	    2.0	    00000000     00000000	   1	[       ]
238   	0     	    104	              ""	    292.8140	   1008.00	    2.0	    00000000     00000000	   1	[       ]
239   	0     	    104	              ""	    293.8240	   1010.01	    2.0	    00000000     00000000	   1	[       ]
240   	0     	    106	              ""	    294.8320	   1008.00	    2.0	    00000000     00000000	   1	[       ]
241   	0     	    106	              ""	    295.8400	   1008.00	    2.0	    00000000     00000000	   1	[       ]
242   	0     	    106	              ""	    296.8480	   1008.00	    2.0	    00000000     00000000	   1	[       ]
243   	0     	    117	              ""	    297.8560	   1008.00	    2.0	    00000000     00000000	   1	[       ]
244   	0     	    117	              ""	    298.8660	   1010.01	    2.0	    00000000     00000000	   1	[       ]
245   	0     	    117	              ""	    299.8740	   1008.00	    2.0	    00000000     00000000	   1	[       ]
246   	0     	    116	              ""	    300.8820	   1008.00	    2.0	    00000000     00000000	   1	[       ]
247   	0     	    116	              ""	    301.8900	   1008.03	    2.0	    00000000     00000000	   1	[       ]
248   	0     	    116	              ""	    302.9000	   1009.98	    2.0	    00000000     00000000	   1	[       ]
249   	0     	    113	              ""	    303.9080	   1008.00	    2.0	    00000000     00000000	   1	[       ]
250   	0     	    113	              ""	    304.9160	   1008.00	    2.0	    00000000     00000000	   1	[       ]
251   	0     	    113	              ""	    305.9240	   1008.03	    2.0	    00000000     00000000	   1	[       ]
252   	0     	    111	              ""	    306.9320	   1008.00	    2.0	    00000000     00000000	   1	[       ]
253   	0     	    111	              ""	    307.9420	   1009.98	    2.0	    00000000     00000000	   1	[       ]
254   	0     	    111	              ""	    308.9500	   1008.03	    2.0	    00000000     00000000	   1	[       ]
255   	0     	    115	              ""	    309.9580	   1008.00	    2.0	    00000000     00000000	   1	[       ]
256   	0     	    115	              ""	    310.9660	   1008.00	    2.0	    00000000     00000000	   1	[       ]
257   	0     	    115	              ""	    311.9740	   1008.00	    2.0	    00000000     00000000	   1	[       ]
258   	0     	    112	              ""	    312.9840	   1010.01	    2.0	    00000000     00000000	   1	[       ]
259   	0     	    112	              ""	    313.9920	   1008.00	    2.0	    00000000     00000000	   1	[       ]
260   	0     	    112	              ""	    315.0000	   1008.00	    2.0	    00000000     00000000	   1	[       ]
261   	0     	    118	              ""	    316.0080	   1008.00	    2.0	    00000000     00000000	   1	[       ]
262   	0     	    118	              ""	    317.0180	   1010.01	    2.0	    00000000     00000000	   1	[       ]
263   	0     	    118	              ""	    318.0260	   1008.00	    2.0	    00000000     00000000	   1	[       ]
264   	0     	    114	              ""	    319.0340	   1008.00	    2.0	    00000000     00000000	   1	[       ]
265   	0     	    114	              ""	    320.0420	   1008.00	    2.0	    00000000     00000000	   1	[       ]
266   	0     	    114	              ""	    321.0500	   1008.00	    2.0	    00000000     00000000	   1	[       ]
267   	0     	    128	              ""	    322.0600	   1010.01	    2.0	    00000000     00000000	   1	[       ]
268   	0     	    128	              ""	    323.0680	   1008.00	    2.0	    00000000     00000000	   1	[       ]
269   	0     	    128	              ""	    324.0760	   1008.00	    2.0	    00000000     00000000	   1	[       ]
270   	0     	    125	              ""	    325.0840	   1008.03	    2.0	    00000000     00000000	   1	[       ]
271   	0     	    125	              ""	    326.0920	   1008.00	    2.0	    00000000     00000000	   1	[       ]
272   	0     	    125	              ""	    327.1020	   1009.98	    2.0	    00000000     00000000	   1	[       ]
273   	0     	    121	              ""	    328.1100	   1008.00	    2.0	    00000000     00000000	   1	[       ]
274   	0     	    121	              ""	    329.1180	   1008.03	    2.0	    00000000     00000000	   1	[       ]
275   	0     	    121	              ""	    330.1260	   1008.00	    2.0	    00000000     00000000	   1	[       ]
276   	0     	    127	              ""	    331.1360	   1009.98	    2.0	    00000000     00000000	   1	[       ]
277   	0     	    127	              ""	    332.1440	   1008.03	    2.0	    00000000     00000000	   1	[       ]
278   	0     	    127	              ""	    333.1520	   1008.00	    2.0	    00000000     00000000	   1	[       ]
279   	0     	    126	              ""	    334.1600	   1008.00	    2.0	    00000000     00000000	   1	[       ]
280   	0     	    126	              ""	    335.1680	   1008.00	    2.0	    00000000     00000000	   1	[       ]
281   	0     	    126	              ""	    336.1780	   1010.01	    2.0	    00000000     00000000	   1	[       ]
282   	0     	    124	              ""	    337.1860	   1008.00	    2.0	    00000000     00000000	   1	[       ]
283   	0     	    124	              ""	    338.1940	   1008.00	    2.0	    00000000     00000000	   1	[       ]
284   	0     	    124	              ""	    339.2020	   1008.00	    2.0	    00000000     00000000	   1	[       ]
285   	0     	    122	              ""	    340.2100	   1008.00	    2.0	    00000000     00000000	   1	[       ]
286   	0     	    122	              ""	    341.2200	   1010.01	    2.0	    00000000     00000000	   1	[       ]
287   	0     	    122	              ""	    342.2280	   1008.00	    2.0	    00000000     00000000	   1	[       ]
288   	0     	    123	              ""	    343.2360	   1008.00	    2.0	    00000000     00000000	   1	[       ]
289   	0     	    123	              ""	    344.2440	   1008.00	    2.0	    00000000     00000000	   1	[       ]
290   	0     	    123	              ""	    345.2540	   1010.01	    2.0	    00000000     00000000	   1	[       ]
291   	0     	    136	              ""	    346.2620	   1008.00	    2.0	    00000000     00000000	   1	[       ]
292   	0     	    136	              ""	    347.2700	   1008.00	    2.0	    00000000     00000000	   1	[       ]
293   	0     	    136	              ""	    348.2780	   1008.03	    2.0	    00000000     00000000	   1	[       ]
294   	0     	    133	              ""	    349.2860	   1008.00	    2.0	    00000000     00000000	   1	[       ]
295   	0     	    133	              ""	    350.2960	   1009.98	    2.0	    00000000     00000000	   1	[       ]
296   	0     	    133	              ""	    351.3040	   1008.00	    2.0	    00000000     00000000	   1	[       ]
297   	0     	    132	              ""	    352.3120	   1008.03	    2.0	    00000000     00000000	   1	[       ]
298   	0     	    132	              ""	    353.3200	   1008.00	    2.0	    00000000     00000000	   1	[       ]
299   	0     	    132	              ""	    354.3300	   1009.98	    2.0	    00000000     00000000	   1	[       ]
300   	0     	    137	              ""	    355.3380	   1008.03	    2.0	    00000000     00000000	   1	[       ]
301   	0     	    137	              ""	    356.3460	   1008.00	    2.0	    00000000     00000000	   1	[       ]
302   	0     	    137	              ""	    357.3540	   1008.00	    2.0	    00000000     00000000	   1	[       ]
303   	0     	    131	              ""	    358.3620	   1008.00	    2.0	    00000000     00000000	   1	[       ]
304   	0     	    131	              ""	    359.3720	   1010.01	    2.0	    00000000     00000000	   1	[       ]
305   	0     	    131	              ""	    360.3800	   1008.00	    2.0	    00000000     00000000	   1	[       ]
306   	0     	    135	              ""	    361.3880	   1008.00	    2.0	    00000000     00000000	   1	[       ]
307   	0     	    135	              ""	    362.3960	   1008.00	    2.0	    00000000     00000000	   1	[       ]
308   	0     	    135	              ""	    363.4040	   1008.00	    2.0	    00000000     00000000	   1	[       ]
309   	0     	    138	              ""	    364.4140	   1010.01	    2.0	    00000000     00000000	   1	[       ]
310   	0     	    138	              ""	    365.4220	   1008.00	    2.0	    00000000     00000000	   1	[       ]
311   	0     	    138	              ""	    366.4300	   1008.00	    2.0	    00000000     00000000	   1	[       ]
312   	0     	    134	              ""	    367.4380	   1008.00	    2.0	    00000000     00000000	   1	[       ]
313   	0     	    134	              ""	    368.4480	   1010.01	    2.0	    00000000     00000000	   1	[       ]
314   	0     	    134	              ""	    369.4560	   1008.00	    2.0	    00000000     00000000	   1	[       ]
315   	0     	    142	              ""	    370.4640	   1008.00	    2.0	    00000000     00000000	   1	[       ]
316   	0     	    142	              ""	    371.4720	   1008.00	    2.0	    00000000     00000000	   1	[       ]
317   	0     	    142	              ""	    372.4800	   1008.03	    2.0	    00000000     00000000	   1	[       ]
318   	0     	    141	              ""	    373.4900	   1009.98	    2.0	    00000000     00000000	   1	[       ]
319   	0     	    141	              ""	    374.4980	   1008.00	    2.0	    00000000     00000000	   1	[       ]
320   	0     	    141	              ""	    375.5060	   1008.03	    2.0	    00000000     00000000	   1	[       ]
321   	0     	    145	              ""	    376.5140	   1008.00	    2.0	    00000000     00000000	   1	[       ]
322   	0     	    145	              ""	    377.5220	   1008.00	    2.0	    00000000     00000000	   1	[       ]
323   	0     	    145	              ""	    378.5320	   1010.01	    2.0	    00000000     00000000	   1	[       ]
324   	0     	    143	              ""	    379.5400	   1008.00	    2.0	    00000000     00000000	   1	[       ]
325   	0     	    143	              ""	    380.5480	   1008.00	    2.0	    00000000     00000000	   1	[       ]
326   	0     	    143	              ""	    381.5560	   1008.00	    2.0	    00000000     00000000	   1	[       ]
327   	0     	    148	              ""	    382.5660	   1010.01	    2.0	    00000000     00000000	   1	[       ]
328   	0     	    148	              ""	    383.5740	   1008.00	    2.0	    00000000     00000000	   1	[       ]
329   	0     	    148	              ""	    384.5820	   1008.00	    2.0	    00000000     00000000	   1	[       ]
330   	0     	    146	              ""	    385.5900	   1008.00	    2.0	    00000000     00000000	   1	[       ]
331   	0     	    146	              ""	    386.5980	   1008.00	    2.0	    00000000     00000000	   1	[       ]
332   	0     	    146	              ""	    387.6080	   1010.01	    2.0	    00000000     00000000	   1	[       ]
333   	0     	    147	              ""	    388.6160	   1008.00	    2.0	    00000000     00000000	   1	[       ]
334   	0     	    147	              ""	    389.6240	   1008.00	    2.0	    00000000     00000000	   1	[       ]
335   	0     	    147	              ""	    390.6320	   1008.00	    2.0	    00000000     00000000	   1	[       ]
336   	0     	    144	              ""	    391.6400	   1008.03	    2.0	    00000000     00000000	   1	[       ]
337   	0     	    144	              ""	    392.6500	   1009.98	    2.0	    00000000     00000000	   1	[       ]
338   	0     	    144	              ""	    393.6580	   1008.00	    2.0	    00000000     00000000	   1	[       ]
339   	0     	    157	              ""	    394.6660	   1008.00	    2.0	    00000000     00000000	   1	[       ]
340   	0     	    157	              ""	    395.6740	   1008.03	    2.0	    00000000     00000000	   1	[       ]
341   	0     	    157	              ""	    396.6840	   1009.98	    2.0	    00000000     00000000	   1	[       ]
342   	0     	    154	              ""	    397.6920	   1008.00	    2.0	    00000000     00000000	   1	[       ]
343   	0     	    154	              ""	    398.7000	   1008.03	    2.0	    00000000     00000000	   1	[       ]
344   	0     	    154	              ""	    399.7080	   1008.00	    2.0	    00000000     00000000	   1	[       ]
345   	0     	    151	              ""	    400.7160	   1008.00	    2.0	    00000000     00000000	   1	[       ]
346   	0     	    151	              ""	    401.7260	   1010.01	    2.0	    00000000     00000000	   1	[       ]
347   	0     	    151	              ""	    402.7340	   1008.00	    2.0	    00000000     00000000	   1	[       ]
348   	0     	    158	              ""	    403.7420	   1008.00	    2.0	    00000000     00000000	   1	[       ]
349   	0     	    158	              ""	    404.7500	   1008.00	    2.0	    00000000     00000000	   1	[       ]
350   	0     	    158	              ""	    405.7580	   1008.00	    2.0	    00000000     00000000	   1	[       ]
351   	0     	    152	              ""	    406.7680	   1010.01	    2.0	    00000000     00000000	   1	[       ]
352   	0     	    152	              ""	    407.7760	   1008.00	    2.0	    00000000     00000000	   1	[       ]
353   	0     	    152	              ""	    408.7840	   1008.00	    2.0	    00000000     00000000	   1	[       ]
354   	0     	    155	              ""	    409.7920	   1008.00	    2.0	    00000000     00000000	   1	[       ]
355   	0     	    155	              ""	    410.8020	   1010.01	    2.0	    00000000     00000000	   1	[       ]
356   	0     	    155	              ""	    411.8100	   1008.00	    2.0	    00000000     00000000	   1	[       ]
357   	0     	    153	              ""	    412.8180	   1008.00	    2.0	    00000000     00000000	   1	[       ]
358   	0     	    153	              ""	    413.8260	   1008.00	    2.0	    00000000     00000000	   1	[       ]
359   	0     	    153	              ""	    414.8340	   1008.03	    2.0	    00000000     00000000	   1	[       ]
360   	0     	    156	              ""	    415.8440	   1009.98	    2.0	    00000000     00000000	   1	[       ]
361   	0     	    156	              ""	    416.8520	   1008.00	    2.0	    00000000     00000000	   1	[       ]
362   	0     	    156	              ""	    417.8600	   1008.00	    2.0	    00000000     00000000	   1	[       ]
363   	0     	    167	              ""	    418.8680	   1008.03	    2.0	    00000000     00000000	   1	[       ]
364   	0     	    167	              ""	    419.8780	   1009.98	    2.0	    00000000     00000000	   1	[       ]
365   	0     	    167	              ""	    420.8860	   1008.00	    2.0	    00000000     00000000	   1	[       ]
366   	0     	    166	              ""	    421.8940	   1008.03	    2.0	    00000000     00000000	   1	[       ]
367   	0     	    166	              ""	    422.9020	   1008.00	    2.0	    00000000     00000000	   1	[       ]
368   	0     	    166	              ""	    423.9100	   1008.00	    2.0	    00000000     00000000	   1	[       ]
369   	0     	    168	              ""	    424.9200	   1010.01	    2.0	    00000000     00000000	   1	[       ]
370   	0     	    168	              ""	    425.9280	   1008.00	    2.0	    00000000     00000000	   1	[       ]
371   	0     	    168	              ""	    426.9360	   1008.00	    2.0	    00000000     00000000	   1	[       ]
372   	0     	    163	              ""	    427.9440	   1008.00	    2.0	    00000000     00000000	   1	[       ]
373   	0     	    163	              ""	    428.9520	   1008.00	    2.0	    00000000     00000000	   1	[       ]
374   	0     	    163	              ""	    429.9620	   1010.01	    2.0	    00000000     00000000	   1	[       ]
375   	0     	    165	              ""	    430.9700	   1008.00	    2.0	    00000000     00000000	   1	[       ]
376   	0     	    165	              ""	    431.9780	   1008.00	    2.0	    00000000     00000000	   1	[       ]
377   	0     	    165	              ""	    432.9860	   1008.00	    2.0	    00000000     00000000	   1	[       ]
378   	0     	    164	              ""	    433.9960	   1010.01	    2.0	    00000000     00000000	   1	[       ]
379   	0     	    164	              ""	    435.0040	   1008.00	    2.0	    00000000     00000000	   1	[       ]
380   	0     	    164	              ""	    436.0120	   1008.00	    2.0	    00000000     00000000	   1	[       ]
381   	0     	    161	              ""	    437.0200	   1008.00	    2.0	    00000000     00000000	   1	[       ]
382   	0     	    161	              ""	    438.0280	   1008.03	    2.0	    00000000     00000000	   1	[       ]
383   	0     	    161	              ""	    439.0380	   1009.98	    2.0	    00000000     00000000	   1	[       ]
384   	0     	    162	              ""	    440.0460	   1008.00	    2.0	    00000000     00000000	   1	[       ]
385   	0     	    162	              ""	    441.0540	   1008.00	    2.0	    00000000     00000000	   1	[       ]
386   	0     	    162	              ""	    442.0620	   1008.03	    2.0	    00000000     00000000	   1	[       ]
387   	0     	    176	              ""	    443.0700	   1008.00	    2.0	    00000000     00000000	   1	[       ]
388   	0     	    176	              ""	    444.0800	   1009.98	    2.0	    00000000     00000000	   1	[       ]
389   	0     	    176	              ""	    445.0880	   1008.03	    2.0	    00000000     00000000	   1	[       ]
390   	0     	    172	              ""	    446.0960	   1008.00	    2.0	    00000000     00000000	   1	[       ]
391   	0     	    172	              ""	    447.1040	   1008.00	    2.0	    00000000     00000000	   1	[       ]
392   	0     	    172	              ""	    448.1140	   1010.01	    2.0	    00000000     00000000	   1	[       ]
393   	0     	    174	              ""	    449.1220	   1008.00	    2.0	    00000000     00000000	   1	[       ]
394   	0     	    174	              ""	    450.1300	   1008.00	    2.0	    00000000     00000000	   1	[       ]
395   	0     	    174	              ""	    451.1380	   1008.00	    2.0	    00000000     00000000	   1	[       ]
396   	0     	    171	              ""	    452.1460	   1008.00	    2.0	    00000000     00000000	   1	[       ]
397   	0     	    171	              ""	    453.1560	   1010.01	    2.0	    00000000     00000000	   1	[       ]
398   	0     	    171	              ""	    454.1640	   1008.00	    2.0	    00000000     00000000	   1	[       ]
399   	0     	    175	              ""	    455.1720	   1008.00	    2.0	    00000000     00000000	   1	[       ]
400   	0     	    175	              ""	    456.1800	   1008.00	    2.0	    00000000     00000000	   1	[       ]
401   	0     	    175	              ""	    457.1880	   1008.00	    2.0	    00000000     00000000	   1	[       ]
402   	0     	    178	              ""	    458.1980	   1010.01	    2.0	    00000000     00000000	   1	[       ]
403   	0     	    178	              ""	    459.2060	   1008.00	    2.0	    00000000     00000000	   1	[       ]
404   	0     	    178	              ""	    460.2140	   1008.00	    2.0	    00000000     00000000	   1	[       ]
405   	0     	    177	              ""	    461.2220	   1008.00	    2.0	    00000000     00000000	   1	[       ]
406   	0     	    177	              ""	    462.2320	   1010.01	    2.0	    00000000     00000000	   1	[       ]
407   	0     	    177	              ""	    463.2400	   1008.00	    2.0	    00000000     00000000	   1	[       ]
408   	0     	    173	              ""	    464.2480	   1008.00	    2.0	    00000000     00000000	   1	[       ]
409   	0     	    173	              ""	    465.2560	   1008.03	    2.0	    00000000     00000000	   1	[       ]
410   	0     	    173	              ""	    466.2640	   1008.00	    2.0	    00000000     00000000	   1	[       ]
411   	0     	    181	              ""	    467.2740	   1009.98	    2.0	    00000000     00000000	   1	[       ]
412   	0     	    181	              ""	    468.2820	   1008.03	    2.0	    00000000     00000000	   1	[       ]
413   	0     	    181	              ""	    469.2900	   1008.00	    2.0	    00000000     00000000	   1	[       ]
414   	0     	    185	              ""	    470.2980	   1008.00	    2.0	    00000000     00000000	   1	[       ]
415   	0     	    185	              ""	    471.3080	   1010.01	    2.0	    00000000     00000000	   1	[       ]
416   	0     	    185	              ""	    472.3160	   1008.00	    2.0	    00000000     00000000	   1	[       ]
417   	0     	    183	              ""	    473.3240	   1008.00	    2.0	    00000000     00000000	   1	[       ]
418   	0     	    183	              ""	    474.3320	   1008.00	    2.0	    00000000     00000000	   1	[       ]
419   	0     	    183	              ""	    475.3400	   1008.00	    2.0	    00000000     00000000	   1	[       ]
420   	0     	    182	              ""	    476.3500	   1010.01	    2.0	    00000000     00000000	   1	[       ]
421   	0     	    182	              ""	    477.3580	   1008.00	    2.0	    00000000     00000000	   1	[       ]
422   	0     	    182	              ""	    478.3660	   1008.00	    2.0	    00000000     00000000	   1	[       ]
423   	0     	    187	              ""	    479.3740	   1008.00	    2.0	    00000000     00000000	   1	[       ]
424   	0     	    187	              ""	    480.3820	   1008.00	    2.0	    00000000     00000000	   1	[       ]
425   	0     	    187	              ""	    481.3920	   1010.01	    2.0	    00000000     00000000	   1	[       ]
426   	0     	    184	              ""	    482.4000	   1008.00	    2.0	    00000000     00000000	   1	[       ]
427   	0     	    184	              ""	    483.4080	   1008.00	    2.0	    00000000     00000000	   1	[       ]
428   	0     	    184	              ""	    484.4160	   1008.00	    2.0	    00000000     00000000	   1	[       ]
429   	0     	    186	              ""	    485.4260	   1010.01	    2.0	    00000000     00000000	   1	[       ]
430   	0     	    186	              ""	    486.4340	   1008.00	    2.0	    00000000     00000000	   1	[       ]
431   	0     	    186	              ""	    487.4420	   1008.00	    2.0	    00000000     00000000	   1	[       ]
432   	0     	    188	              ""	    488.4500	   1008.03	    2.0	    00000000     00000000	   1	[       ]
433   	0     	    188	              ""	    489.4580	   1008.00	    2.0	    00000000     00000000	   1	[       ]
434   	0     	    188	              ""	    490.4680	   1009.98	    2.0	    00000000     00000000	   1	[       ]
435   	0     	    192	              ""	    491.4760	   1008.03	    2.0	    00000000     00000000	   1	[       ]
436   	0     	    192	              ""	    492.4840	   1008.00	    2.0	    00000000     00000000	   1	[       ]
437   	0     	    192	              ""	    493.4920	   1008.00	    2.0	    00000000     00000000	   1	[       ]
438   	0     	    191	              ""	    494.5000	   1008.00	    2.0	    00000000     00000000	   1	[       ]
439   	0     	    191	              ""	    495.5100	   1010.01	    2.0	    00000000     00000000	   1	[       ]
440   	0     	    191	              ""	    496.5180	   1008.00	    2.0	    00000000     00000000	   1	[       ]
441   	0     	    196	              ""	    497.5260	   1008.00	    2.0	    00000000     00000000	   1	[       ]
442   	0     	    196	              ""	    498.5340	   1008.00	    2.0	    00000000     00000000	   1	[       ]
443   	0     	    196	              ""	    499.5440	   1010.01	    2.0	    00000000     00000000	   1	[       ]
444   	0     	    194	              ""	    500.5520	   1008.00	    2.0	    00000000     00000000	   1	[       ]
445   	0     	    194	              ""	    501.5600	   1008.00	    2.0	    00000000     00000000	   1	[       ]
446   	0     	    194	              ""	    502.5680	   1008.00	    2.0	    00000000     00000000	   1	[       ]
447   	0     	    195	              ""	    503.5760	   1008.00	    2.0	    00000000     00000000	   1	[       ]
448   	0     	    195	              ""	    504.5860	   1010.01	    2.0	    00000000     00000000	   1	[       ]
449   	0     	    195	              ""	    505.5940	   1008.00	    2.0	    00000000     00000000	   1	[       ]
450   	0     	    193	              ""	    506.6020	   1008.00	    2.0	    00000000     00000000	   1	[       ]
451   	0     	    193	              ""	    507.6100	   1008.00	    2.0	    00000000     00000000	   1	[       ]
452   	0     	    193	              ""	    508.6180	   1008.03	    2.0	    00000000     00000000	   1	[       ]
453   	0     	    198	              ""	    509.6280	   1009.98	    2.0	    00000000     00000000	   1	[       ]
454   	0     	    198	              ""	    510.6360	   1008.00	    2.0	    00000000     00000000	   1	[       ]
455   	0     	    198	              ""	    511.6440	   1008.03	    2.0	    00000000     00000000	   1	[       ]
456   	0     	    197	              ""	    512.6520	   1007.97	    2.0	    00000000     00000000	   1	[       ]
457   	0     	    197	              ""	    513.6620	   1010.01	    2.0	    00000000     00000000	   1	[       ]
458   	0     	    197	              ""	    514.6700	   1008.00	    2.0	    00000000     00000000	   1	[       ]
459   	0     	    201	              ""	    515.6780	   1008.00	    2.0	    00000000     00000000	   1	[       ]
460   	0     	    201	              ""	    516.6860	   1008.00	    2.0	    00000000     00000000	   1	[       ]
461   	0     	    201	              ""	    517.6940	   1008.00	    2.0	    00000000     00000000	   1	[       ]
462   	0     	    206	              ""	    518.7040	   1010.01	    2.0	    00000000     00000000	   1	[       ]
463   	0     	    206	              ""	    519.7120	   1008.00	    2.0	    00000000     00000000	   1	[       ]
464   	0     	    206	              ""	    520.7200	   1008.00	    2.0	    00000000     00000000	   1	[       ]
465   	0     	    205	              ""	    521.7280	   1008.06	    2.0	    00000000     00000000	   1	[       ]
466   	0     	    205	              ""	    522.7360	   1008.00	    2.0	    00000000     00000000	   1	[       ]
467   	0     	    205	              ""	    523.7460	   1009.95	    2.0	    00000000     00000000	   1	[       ]
468   	0     	    204	              ""	    524.7540	   1008.06	    2.0	    00000000     00000000	   1	[       ]
469   	0     	    204	              ""	    525.7620	   1008.00	    2.0	    00000000     00000000	   1	[       ]
470   	0     	    204	              ""	    526.7700	   1008.00	    2.0	    00000000     00000000	   1	[       ]
471   	0     	    202	              ""	    527.7800	   1010.01	    2.0	    00000000     00000000	   1	[       ]
472   	0     	    202	              ""	    528.7880	   1008.00	    2.0	    00000000     00000000	   1	[       ]
473   	0     	    202	              ""	    529.7960	   1008.00	    2.0	    00000000     00000000	   1	[       ]
474   	0     	    203	              ""	    530.8040	   1008.00	    2.0	    00000000     00000000	   1	[       ]
475   	0     	    203	              ""	    531.8120	   1008.00	    2.0	    00000000     00000000	   1	[       ]
476   	0     	    203	              ""	    532.8220	   1010.01	    2.0	    00000000     00000000	   1	[       ]
477   	0     	    207	              ""	    533.8300	   1008.00	    2.0	    00000000     00000000	   1	[       ]
478   	0     	    207	              ""	    534.8380	   1008.00	    2.0	    00000000     00000000	   1	[       ]
479   	0     	    207	              ""	    535.8460	   1008.00	    2.0	    00000000     00000000	   1	[       ]
480   	0     	    208	              ""	    536.8560	   1010.01	    2.0	    00000000     00000000	   1	[       ]
481   	0     	    208	              ""	    537.8640	   1008.00	    2.0	    00000000     00000000	   1	[       ]
482   	0     	    208	              ""	    538.8720	   1008.00	    2.0	    00000000     00000000	   1	[       ]
483   	0     	    213	              ""	    539.8800	   1008.00	    2.0	    00000000     00000000	   1	[       ]
484   	0     	    213	              ""	    540.8880	   1008.00	    2.0	    00000000     00000000	   1	[       ]
485   	0     	    213	              ""	    541.8980	   1010.01	    2.0	    00000000     00000000	   1	[       ]
486   	0     	    217	              ""	    542.9060	   1008.00	    2.0	    00000000     00000000	   1	[       ]
487   	0     	    217	              ""	    543.9140	   1008.00	    2.0	    00000000     00000000	   1	[       ]
488   	0     	    217	              ""	    544.9220	   1008.00	    2.0	    00000000     00000000	   1	[       ]
489   	0     	    215	              ""	    545.9300	   1008.00	    2.0	    00000000     00000000	   1	[       ]
490   	0     	    215	              ""	    546.9400	   1010.01	    2.0	    00000000     00000000	   1	[       ]
491   	0     	    215	              ""	    547.9480	   1008.00	    2.0	    00000000     00000000	   1	[       ]
492   	0     	    211	              ""	    548.9560	   1008.00	    2.0	    00000000     00000000	   1	[       ]
493   	0     	    211	              ""	    549.9640	   1008.00	    2.0	    00000000     00000000	   1	[       ]
494   	0     	    211	              ""	    550.9740	   1010.01	    2.0	    00000000     00000000	   1	[       ]
495   	0     	    216	              ""	    551.9820	   1008.00	    2.0	    00000000     00000000	   1	[       ]
496   	0     	    216	              ""	    552.9900	   1008.00	    2.0	    00000000     00000000	   1	[       ]
497   	0     	    216	              ""	    553.9980	   1008.00	    2.0	    00000000     00000000	   1	[       ]
498   	0     	    214	              ""	    555.0060	   1008.00	    2.0	    00000000     00000000	   1	[       ]
499   	0     	    214	              ""	    556.0160	   1010.01	    2.0	    00000000     00000000	   1	[       ]
500   	0     	    214	              ""	    557.0240	   1008.00	    2.0	    00000000     00000000	   1	[       ]
501   	0     	    212	              ""	    558.0320	   1008.00	    2.0	    00000000     00000000	   1	[       ]
502   	0     	    212	              ""	    559.0400	   1008.00	    2.0	    00000000     00000000	   1	[       ]
503   	0     	    212	              ""	    560.0480	   1008.00	    2.0	    00000000     00000000	   1	[       ]
504   	0     	    218	              ""	    561.0580	   1010.01	    2.0	    00000000     00000000	   1	[       ]
505   	0     	    218	              ""	    562.0660	   1008.00	    2.0	    00000000     00000000	   1	[       ]
506   	0     	    218	              ""	    563.0740	   1008.00	    2.0	    00000000     00000000	   1	[       ]
507   	0     	    222	              ""	    564.0820	   1008.00	    2.0	    00000000     00000000	   1	[       ]
508   	0     	    222	              ""	    565.0920	   1010.01	    2.0	    00000000     00000000	   1	[       ]
509   	0     	    222	              ""	    566.1000	   1008.00	    2.0	    00000000     00000000	   1	[       ]
510   	0     	    226	              ""	    567.1080	   1008.00	    2.0	    00000000     00000000	   1	[       ]
511   	0     	    226	              ""	    568.1160	   1008.06	    2.0	    00000000     00000000	   1	[       ]
512   	0     	    226	              ""	    569.1240	   1008.00	    2.0	    00000000     00000000	   1	[       ]
513   	0     	    227	              ""	    570.1340	   1009.95	    2.0	    00000000     00000000	   1	[       ]
514   	0     	    227	              ""	    571.1420	   1008.06	    2.0	    00000000     00000000	   1	[       ]
515   	0     	    227	              ""	    572.1500	   1008.00	    2.0	    00000000     00000000	   1	[       ]
516   	0     	    221	              ""	    573.1580	   1008.00	    2.0	    00000000     00000000	   1	[       ]
517   	0     	    221	              ""	    574.1660	   1008.00	    2.0	    00000000     00000000	   1	[       ]
518   	0     	    221	              ""	    575.1760	   1010.01	    2.0	    00000000     00000000	   1	[       ]
519   	0     	    224	              ""	    576.1840	   1008.00	    2.0	    00000000     00000000	   1	[       ]
520   	0     	    224	              ""	    577.1920	   1008.00	    2.0	    00000000     00000000	   1	[       ]
521   	0     	    224	              ""	    578.2000	   1008.00	    2.0	    00000000     00000000	   1	[       ]
522   	0     	    223	              ""	    579.2100	   1010.01	    2.0	    00000000     00000000	   1	[       ]
523   	0     	    223	              ""	    580.2180	   1008.00	    2.0	    00000000     00000000	   1	[       ]
524   	0     	    223	              ""	    581.2260	   1008.00	    2.0	    00000000     00000000	   1	[       ]
525   	0     	    228	              ""	    582.2340	   1008.00	    2.0	    00000000     00000000	   1	[       ]
526   	0     	    228	              ""	    583.2420	   1008.00	    2.0	    00000000     00000000	   1	[       ]
527   	0     	    228	              ""	    584.2520	   1010.01	    2.0	    00000000     00000000	   1	[       ]
528   	0     	    225	              ""	    585.2600	   1008.00	    2.0	    00000000     00000000	   1	[       ]
529   	0     	    225	              ""	    586.2680	   1008.00	    2.0	    00000000     00000000	   1	[       ]
530   	0     	    225	              ""	    587.2760	   1008.00	    2.0	    00000000     00000000	   1	[       ]
531   	0     	    234	              ""	    588.2840	   1008.00	    2.0	    00000000     00000000	   1	[       ]
532   	0     	    234	              ""	    589.2940	   1010.01	    2.0	    00000000     00000000	   1	[       ]
533   	0     	    234	              ""	    590.3020	   1008.00	    2.0	    00000000     00000000	   1	[       ]
534   	0     	    232	              ""	    591.3100	   1008.00	    2.0	    00000000     00000000	   1	[       ]
535   	0     	    232	              ""	    592.3180	   1008.00	    2.0	    00000000     00000000	   1	[       ]
536   	0     	    232	              ""	    593.3280	   1010.01	    2.0	    00000000     00000000	   1	[       ]
537   	0     	    235	              ""	    594.3360	   1008.00	    2.0	    00000000     00000000	   1	[       ]
538   	0     	    235	              ""	    595.3440	   1008.00	    2.0	    00000000     00000000	   1	[       ]
539   	0     	    235	              ""	    596.3520	   1008.00	    2.0	    00000000     00000000	   1	[       ]
540   	0     	    231	              ""	    597.3600	   1008.00	    2.0	    00000000     00000000	   1	[       ]
541   	0     	    231	              ""	    598.3700	   1010.01	    2.0	    00000000     00000000	   1	[       ]
542   	0     	    231	              ""	    599.3780	   1008.00	    2.0	    00000000     00000000	   1	[       ]
543   	0     	    237	              ""	    600.3860	   1008.00	    2.0	    00000000     00000000	   1	[       ]
544   	0     	    237	              ""	    601.3940	   1008.00	    2.0	    00000000     00000000	   1	[       ]
545   	0     	    237	              ""	    602.4040	   1010.01	    2.0	    00000000     00000000	   1	[       ]
546   	0     	    236	              ""	    603.4120	   1008.00	    2.0	    00000000     00000000	   1	[       ]
547   	0     	    236	              ""	    604.4200	   1008.00	    2.0	    00000000     00000000	   1	[       ]
548   	0     	    236	              ""	    605.4280	   1008.00	    2.0	    00000000     00000000	   1	[       ]
549   	0     	    233	              ""	    606.4360	   1008.00	    2.0	    00000000     00000000	   1	[       ]
550   	0     	    233	              ""	    607.4460	   1010.01	    2.0	    00000000     00000000	   1	[       ]
551   	0     	    233	              ""	    608.4540	   1008.00	    2.0	    00000000     00000000	   1	[       ]
552   	0     	    238	              ""	    609.4620	   1008.00	    2.0	    00000000     00000000	   1	[       ]
553   	0     	    238	              ""	    610.4700	   1008.00	    2.0	    00000000     00000000	   1	[       ]
554   	0     	    238	              ""	    611.4780	   1008.06	    2.0	    00000000     00000000	   1	[       ]
555   	0     	    246	              ""	    612.4880	   1009.95	    2.0	    00000000     00000000	   1	[       ]
556   	0     	    246	              ""	    613.4960	   1008.00	    2.0	    00000000     00000000	   1	[       ]
557   	0     	    246	              ""	    614.5040	   1008.06	    2.0	    00000000     00000000	   1	[       ]
558   	0     	    248	              ""	    615.5120	   1008.00	    2.0	    00000000     00000000	   1	[       ]
559   	0     	    248	              ""	    616.5220	   1009.95	    2.0	    00000000     00000000	   1	[       ]
560   	0     	    248	              ""	    617.5300	   1008.06	    2.0	    00000000     00000000	   1	[       ]
561   	0     	    242	              ""	    618.5380	   1008.00	    2.0	    00000000     00000000	   1	[       ]
562   	0     	    242	              ""	    619.5460	   1008.00	    2.0	    00000000     00000000	   1	[       ]
563   	0     	    242	              ""	    620.5540	   1008.00	    2.0	    00000000     00000000	   1	[       ]
564   	0     	    245	              ""	    621.5640	   1010.01	    2.0	    00000000     00000000	   1	[       ]
565   	0     	    245	              ""	    622.5720	   1008.00	    2.0	    00000000     00000000	   1	[       ]
566   	0     	    245	              ""	    623.5800	   1008.00	    2.0	    00000000     00000000	   1	[       ]
567   	0     	    244	              ""	    624.5880	   1008.00	    2.0	    00000000     00000000	   1	[       ]
568   	0     	    244	              ""	    625.5960	   1008.00	    2.0	    00000000     00000000	   1	[       ]
569   	0     	    244	              ""	    626.6060	   1010.01	    2.0	    00000000     00000000	   1	[       ]
570   	0     	    243	              ""	    627.6140	   1008.00	    2.0	    00000000     00000000	   1	[       ]
571   	0     	    243	              ""	    628.6220	   1008.00	    2.0	    00000000     00000000	   1	[       ]
572   	0     	    243	              ""	    629.6300	   1008.00	    2.0	    00000000     00000000	   1	[       ]
573   	0     	    241	              ""	    630.6400	   1010.01	    2.0	    00000000     00000000	   1	[       ]
574   	0     	    241	              ""	    631.6480	   1008.00	    2.0	    00000000     00000000	   1	[       ]
575   	0     	    241	              ""	    632.6560	   1008.00	    2.0	    00000000     00000000	   1	[       ]
576   	0     	    247	              ""	    633.6640	   1008.00	    2.0	    00000000     00000000	   1	[       ]
577   	0     	    247	              ""	    634.6720	   1008.00	    2.0	    00000000     00000000	   1	[       ]
578   	0     	    247	              ""	    635.6820	   1010.01	    2.0	    00000000     00000000	   1	[       ]
579   	0     	    247	              ""	    636.6900	   1008.00	    2.0	    00000000     00000000	   1	[       ]
