Bin   #(%) accepted   #(%) rejected    # F2    # F3    # F4    # F5    # F6    # F7    # F8
  1      45( 90.0)        5( 10.0)       0       0       0       0       0       0       0
  2      45( 90.0)        5( 10.0)       0       0       0       0       0       0       0
  3      25(100.0)        0(  0.0)       0       0       0       0       0       0       0
  4      24( 96.0)        1(  4.0)       0       0       0       0       0       0       0
  5      22( 88.0)        3( 12.0)       0       0       0       0       0       0       0
  6      21( 84.0)        4( 16.0)       0       0       0       0       0       0       0
  7      42( 84.0)        8( 16.0)       0       0       0       0       0       0       0
  8      44( 88.0)        6( 12.0)       0       0       0       0       0       0       0
____________________________________________________________________________________________________
Total   268( 89.3)       32( 10.7)       0       0       0       0       0       0       0

