Bin   #(%) accepted   #(%) rejected    # F2    # F3    # F4    # F5    # F6    # F7    # F8
  1      46( 92.0)        4(  8.0)       0       0       0       0       0       0       0
  2      47( 94.0)        3(  6.0)       0       0       0       0       0       0       0
  3      24( 96.0)        1(  4.0)       0       0       0       0       0       0       0
  4      24( 96.0)        1(  4.0)       0       0       0       0       0       0       0
  5      25(100.0)        0(  0.0)       0       0       0       0       0       0       0
  6      24( 96.0)        1(  4.0)       0       0       0       0       0       0       0
  7      45( 90.0)        5( 10.0)       0       0       0       0       0       0       0
  8      40( 80.0)       10( 20.0)       0       0       0       0       0       0       0
____________________________________________________________________________________________________
Total   275( 91.7)       25(  8.3)       0       0       0       0       0       0       0

