#  Non-editable header begin --------------------------------------------------------------------------------
# 
#  data format...............: continuous
#  setname...................: m21_s108_vsl2_filt_filt_rs_ref_el_bin_elist
#  filename..................: m21_s108_vsl2_filt_filt_rs_ref_el_bin.set
#  filepath..................: Z:\PROJECTS\MPH_H\MORPH21\dat\erp\S108
#  nchan.....................: 33
#  pnts......................: 231420
#  srate.....................: 200
#  nevents...................: 809
#  generated by (bdf)........: 
#  generated by (set)........: m21_s108_vsl2_filt_filt_rs_ref_el_bin_elist
#  reported in ..............: 
#  prog Version..............: 5.0.0.0
#  creation date.............: 19-Jul-2019 12:17:09
#  user Account..............: 
# 
#  Non-editable header end --------------------------------------------------------------------------------




# item	 bepoch	  ecode	            label	      onset	          diff	     dura	b_flags	   a_flags	  enable	    bin
#                                                 (sec)           (msec)     (msec)    (binary)   (binary)


1     	0     	    -99	              ""	      0.0000	      0.00	    NaN	    00000000     00000000	   1	[       ]
2     	0     	      4	              ""	     71.9200	  71920.00	   25.0	    00000000     00000000	   1	[       ]
3     	0     	     15	              ""	     71.9260	      6.00	   25.0	    00000000     00000000	   1	[       ]
4     	0     	     15	              ""	     72.9340	   1008.00	   25.0	    00000000     00000000	   1	[       ]
5     	0     	     15	              ""	     73.9440	   1010.00	   25.0	    00000000     00000000	   1	[       ]
6     	0     	     12	              ""	     74.9520	   1008.00	   25.0	    00000000     00000000	   1	[       ]
7     	0     	     12	              ""	     75.9600	   1008.00	   25.0	    00000000     00000000	   1	[       ]
8     	0     	     12	              ""	     76.9680	   1008.00	   25.0	    00000000     00000000	   1	[       ]
9     	0     	     16	              ""	     77.9760	   1008.00	   25.0	    00000000     00000000	   1	[       ]
10    	0     	     16	              ""	     78.9860	   1010.00	   25.0	    00000000     00000000	   1	[       ]
11    	0     	     16	              ""	     79.9940	   1008.00	   25.0	    00000000     00000000	   1	[       ]
12    	0     	     17	              ""	     81.0020	   1008.00	   25.0	    00000000     00000000	   1	[       ]
13    	0     	     17	              ""	     82.0100	   1008.00	   25.0	    00000000     00000000	   1	[       ]
14    	0     	     17	              ""	     83.0200	   1009.99	   25.0	    00000000     00000000	   1	[       ]
15    	0     	     11	              ""	     84.0280	   1008.00	   25.0	    00000000     00000000	   1	[       ]
16    	0     	     11	              ""	     85.0360	   1008.00	   25.0	    00000000     00000000	   1	[       ]
17    	0     	     11	              ""	     86.0440	   1008.00	   25.0	    00000000     00000000	   1	[       ]
18    	0     	     13	              ""	     87.0520	   1008.00	   25.0	    00000000     00000000	   1	[       ]
19    	0     	     13	              ""	     88.0620	   1009.99	   25.0	    00000000     00000000	   1	[       ]
20    	0     	     13	              ""	     89.0700	   1008.00	   25.0	    00000000     00000000	   1	[       ]
21    	0     	     14	              ""	     90.0780	   1008.00	   25.0	    00000000     00000000	   1	[       ]
22    	0     	     14	              ""	     91.0860	   1008.00	   25.0	    00000000     00000000	   1	[       ]
23    	0     	     14	              ""	     92.0940	   1008.00	   25.0	    00000000     00000000	   1	[       ]
24    	0     	     18	              ""	     93.1040	   1009.99	   25.0	    00000000     00000000	   1	[       ]
25    	0     	     18	              ""	     94.1120	   1008.00	   25.0	    00000000     00000000	   1	[       ]
26    	0     	     18	              ""	     95.1200	   1008.00	   25.0	    00000000     00000000	   1	[       ]
27    	0     	     21	              ""	     96.1280	   1008.00	   25.0	    00000000     00000000	   1	[       ]
28    	0     	     21	              ""	     97.1380	   1010.00	   25.0	    00000000     00000000	   1	[       ]
29    	0     	     21	              ""	     98.1460	   1008.00	   25.0	    00000000     00000000	   1	[       ]
30    	0     	     27	              ""	     99.1540	   1008.00	   25.0	    00000000     00000000	   1	[       ]
31    	0     	     27	              ""	    100.1620	   1008.00	   25.0	    00000000     00000000	   1	[       ]
32    	0     	     27	              ""	    101.1700	   1008.00	   25.0	    00000000     00000000	   1	[       ]
33    	0     	     24	              ""	    102.1800	   1010.00	   25.0	    00000000     00000000	   1	[       ]
34    	0     	     24	              ""	    103.1880	   1008.00	   25.0	    00000000     00000000	   1	[       ]
35    	0     	     24	              ""	    104.1960	   1008.00	   25.0	    00000000     00000000	   1	[       ]
36    	0     	     23	              ""	    105.2040	   1008.00	   25.0	    00000000     00000000	   1	[       ]
37    	0     	     23	              ""	    106.2140	   1009.99	   25.0	    00000000     00000000	   1	[       ]
38    	0     	     23	              ""	    107.2220	   1008.00	   25.0	    00000000     00000000	   1	[       ]
39    	0     	     22	              ""	    108.2300	   1008.00	   25.0	    00000000     00000000	   1	[       ]
40    	0     	     22	              ""	    109.2380	   1008.00	   25.0	    00000000     00000000	   1	[       ]
41    	0     	     22	              ""	    110.2460	   1008.00	   25.0	    00000000     00000000	   1	[       ]
42    	0     	     26	              ""	    111.2560	   1009.99	   25.0	    00000000     00000000	   1	[       ]
43    	0     	     26	              ""	    112.2640	   1008.00	   25.0	    00000000     00000000	   1	[       ]
44    	0     	     26	              ""	    113.2720	   1008.00	   25.0	    00000000     00000000	   1	[       ]
45    	0     	     28	              ""	    114.2800	   1008.00	   25.0	    00000000     00000000	   1	[       ]
46    	0     	     28	              ""	    115.2880	   1008.00	   25.0	    00000000     00000000	   1	[       ]
47    	0     	     28	              ""	    116.2980	   1009.99	   25.0	    00000000     00000000	   1	[       ]
48    	0     	     25	              ""	    117.3060	   1008.00	   25.0	    00000000     00000000	   1	[       ]
49    	0     	     25	              ""	    118.3140	   1008.00	   25.0	    00000000     00000000	   1	[       ]
50    	0     	     25	              ""	    119.3220	   1008.00	   25.0	    00000000     00000000	   1	[       ]
51    	0     	     31	              ""	    120.3320	   1010.00	   25.0	    00000000     00000000	   1	[       ]
52    	0     	     31	              ""	    121.3400	   1008.00	   25.0	    00000000     00000000	   1	[       ]
53    	0     	     31	              ""	    122.3480	   1008.00	   25.0	    00000000     00000000	   1	[       ]
54    	0     	     37	              ""	    123.3560	   1008.00	   25.0	    00000000     00000000	   1	[       ]
55    	0     	     37	              ""	    124.3640	   1008.00	   25.0	    00000000     00000000	   1	[       ]
56    	0     	     37	              ""	    125.3740	   1010.00	   25.0	    00000000     00000000	   1	[       ]
57    	0     	     32	              ""	    126.3820	   1008.00	   25.0	    00000000     00000000	   1	[       ]
58    	0     	     32	              ""	    127.3900	   1008.00	   25.0	    00000000     00000000	   1	[       ]
59    	0     	     32	              ""	    128.3980	   1008.00	   25.0	    00000000     00000000	   1	[       ]
60    	0     	     34	              ""	    129.4080	   1010.01	   25.0	    00000000     00000000	   1	[       ]
61    	0     	     34	              ""	    130.4160	   1008.00	   25.0	    00000000     00000000	   1	[       ]
62    	0     	     34	              ""	    131.4240	   1008.00	   25.0	    00000000     00000000	   1	[       ]
63    	0     	     35	              ""	    132.4320	   1008.01	   25.0	    00000000     00000000	   1	[       ]
64    	0     	     35	              ""	    133.4400	   1008.00	   25.0	    00000000     00000000	   1	[       ]
65    	0     	     35	              ""	    134.4500	   1009.99	   25.0	    00000000     00000000	   1	[       ]
66    	0     	     38	              ""	    135.4580	   1008.00	   25.0	    00000000     00000000	   1	[       ]
67    	0     	     38	              ""	    136.4660	   1008.01	   25.0	    00000000     00000000	   1	[       ]
68    	0     	     38	              ""	    137.4740	   1008.00	   25.0	    00000000     00000000	   1	[       ]
69    	0     	     33	              ""	    138.4820	   1008.00	   25.0	    00000000     00000000	   1	[       ]
70    	0     	     33	              ""	    139.4920	   1010.01	   25.0	    00000000     00000000	   1	[       ]
71    	0     	     33	              ""	    140.5000	   1008.00	   25.0	    00000000     00000000	   1	[       ]
72    	0     	     36	              ""	    141.5080	   1008.00	   25.0	    00000000     00000000	   1	[       ]
73    	0     	     36	              ""	    142.5160	   1008.01	   25.0	    00000000     00000000	   1	[       ]
74    	0     	     36	              ""	    143.5260	   1009.99	   25.0	    00000000     00000000	   1	[       ]
75    	0     	     43	              ""	    144.5340	   1008.00	   25.0	    00000000     00000000	   1	[       ]
76    	0     	     43	              ""	    145.5420	   1008.01	   25.0	    00000000     00000000	   1	[       ]
77    	0     	     43	              ""	    146.5500	   1008.00	   25.0	    00000000     00000000	   1	[       ]
78    	0     	     48	              ""	    147.5580	   1008.00	   25.0	    00000000     00000000	   1	[       ]
79    	0     	     48	              ""	    148.5680	   1009.99	   25.0	    00000000     00000000	   1	[       ]
80    	0     	     48	              ""	    149.5760	   1008.01	   25.0	    00000000     00000000	   1	[       ]
81    	0     	     45	              ""	    150.5840	   1008.00	   25.0	    00000000     00000000	   1	[       ]
82    	0     	     45	              ""	    151.5920	   1008.00	   25.0	    00000000     00000000	   1	[       ]
83    	0     	     45	              ""	    152.6000	   1008.01	   25.0	    00000000     00000000	   1	[       ]
84    	0     	     42	              ""	    153.6100	   1009.99	   25.0	    00000000     00000000	   1	[       ]
85    	0     	     42	              ""	    154.6180	   1008.00	   25.0	    00000000     00000000	   1	[       ]
86    	0     	     42	              ""	    155.6260	   1008.01	   25.0	    00000000     00000000	   1	[       ]
87    	0     	     46	              ""	    156.6340	   1008.00	   25.0	    00000000     00000000	   1	[       ]
88    	0     	     46	              ""	    157.6440	   1009.99	   25.0	    00000000     00000000	   1	[       ]
89    	0     	     46	              ""	    158.6520	   1008.00	   25.0	    00000000     00000000	   1	[       ]
90    	0     	     44	              ""	    159.6600	   1008.01	   25.0	    00000000     00000000	   1	[       ]
91    	0     	     44	              ""	    160.6680	   1008.00	   25.0	    00000000     00000000	   1	[       ]
92    	0     	     44	              ""	    161.6760	   1008.00	   25.0	    00000000     00000000	   1	[       ]
93    	0     	     41	              ""	    162.6860	   1010.01	   25.0	    00000000     00000000	   1	[       ]
94    	0     	     41	              ""	    163.6940	   1008.00	   25.0	    00000000     00000000	   1	[       ]
95    	0     	     41	              ""	    164.7020	   1008.00	   25.0	    00000000     00000000	   1	[       ]
96    	0     	     47	              ""	    165.7100	   1008.01	   25.0	    00000000     00000000	   1	[       ]
97    	0     	     47	              ""	    166.7200	   1009.99	   25.0	    00000000     00000000	   1	[       ]
98    	0     	     47	              ""	    167.7280	   1008.00	   25.0	    00000000     00000000	   1	[       ]
99    	0     	     54	              ""	    168.7360	   1008.00	   25.0	    00000000     00000000	   1	[       ]
100   	0     	     54	              ""	    169.7440	   1008.01	   25.0	    00000000     00000000	   1	[       ]
101   	0     	     54	              ""	    170.7520	   1008.00	   25.0	    00000000     00000000	   1	[       ]
102   	0     	     57	              ""	    171.7620	   1009.99	   25.0	    00000000     00000000	   1	[       ]
103   	0     	     57	              ""	    172.7700	   1008.01	   25.0	    00000000     00000000	   1	[       ]
104   	0     	     57	              ""	    173.7780	   1008.00	   25.0	    00000000     00000000	   1	[       ]
105   	0     	     52	              ""	    174.7860	   1008.00	   25.0	    00000000     00000000	   1	[       ]
106   	0     	     52	              ""	    175.7940	   1008.01	   25.0	    00000000     00000000	   1	[       ]
107   	0     	     52	              ""	    176.8040	   1009.99	   25.0	    00000000     00000000	   1	[       ]
108   	0     	     55	              ""	    177.8120	   1008.00	   25.0	    00000000     00000000	   1	[       ]
109   	0     	     55	              ""	    178.8200	   1008.01	   25.0	    00000000     00000000	   1	[       ]
110   	0     	     55	              ""	    179.8280	   1008.00	   25.0	    00000000     00000000	   1	[       ]
111   	0     	     53	              ""	    180.8380	   1009.99	   25.0	    00000000     00000000	   1	[       ]
112   	0     	     53	              ""	    181.8460	   1008.00	   25.0	    00000000     00000000	   1	[       ]
113   	0     	     53	              ""	    182.8540	   1008.01	   25.0	    00000000     00000000	   1	[       ]
114   	0     	     51	              ""	    183.8620	   1008.00	   25.0	    00000000     00000000	   1	[       ]
115   	0     	     51	              ""	    184.8700	   1008.00	   25.0	    00000000     00000000	   1	[       ]
116   	0     	     51	              ""	    185.8800	   1010.01	   25.0	    00000000     00000000	   1	[       ]
117   	0     	     56	              ""	    186.8880	   1008.00	   25.0	    00000000     00000000	   1	[       ]
118   	0     	     56	              ""	    187.8960	   1008.00	   25.0	    00000000     00000000	   1	[       ]
119   	0     	     56	              ""	    188.9040	   1008.01	   25.0	    00000000     00000000	   1	[       ]
120   	0     	     58	              ""	    189.9120	   1008.00	   25.0	    00000000     00000000	   1	[       ]
121   	0     	     58	              ""	    190.9220	   1009.99	   25.0	    00000000     00000000	   1	[       ]
122   	0     	     58	              ""	    191.9300	   1008.00	   25.0	    00000000     00000000	   1	[       ]
123   	0     	     66	              ""	    192.9380	   1008.01	   25.0	    00000000     00000000	   1	[       ]
124   	0     	     66	              ""	    193.9460	   1008.00	   25.0	    00000000     00000000	   1	[       ]
125   	0     	     66	              ""	    194.9560	   1009.99	   25.0	    00000000     00000000	   1	[       ]
126   	0     	     62	              ""	    195.9640	   1008.01	   25.0	    00000000     00000000	   1	[       ]
127   	0     	     62	              ""	    196.9720	   1008.00	   25.0	    00000000     00000000	   1	[       ]
128   	0     	     62	              ""	    197.9800	   1008.00	   25.0	    00000000     00000000	   1	[       ]
129   	0     	     61	              ""	    198.9880	   1008.01	   25.0	    00000000     00000000	   1	[       ]
130   	0     	     61	              ""	    199.9980	   1009.99	   25.0	    00000000     00000000	   1	[       ]
131   	0     	     61	              ""	    201.0060	   1008.00	   25.0	    00000000     00000000	   1	[       ]
132   	0     	     64	              ""	    202.0140	   1008.01	   25.0	    00000000     00000000	   1	[       ]
133   	0     	     64	              ""	    203.0220	   1008.00	   25.0	    00000000     00000000	   1	[       ]
134   	0     	     64	              ""	    204.0320	   1009.99	   25.0	    00000000     00000000	   1	[       ]
135   	0     	     68	              ""	    205.0400	   1008.00	   25.0	    00000000     00000000	   1	[       ]
136   	0     	     68	              ""	    206.0480	   1008.01	   25.0	    00000000     00000000	   1	[       ]
137   	0     	     68	              ""	    207.0560	   1008.00	   25.0	    00000000     00000000	   1	[       ]
138   	0     	     65	              ""	    208.0640	   1008.00	   25.0	    00000000     00000000	   1	[       ]
139   	0     	     65	              ""	    209.0740	   1010.01	   25.0	    00000000     00000000	   1	[       ]
140   	0     	     65	              ""	    210.0820	   1008.00	   25.0	    00000000     00000000	   1	[       ]
141   	0     	     63	              ""	    211.0900	   1008.00	   25.0	    00000000     00000000	   1	[       ]
142   	0     	     63	              ""	    212.0980	   1008.01	   25.0	    00000000     00000000	   1	[       ]
143   	0     	     63	              ""	    213.1060	   1008.00	   25.0	    00000000     00000000	   1	[       ]
144   	0     	     67	              ""	    214.1160	   1009.99	   25.0	    00000000     00000000	   1	[       ]
145   	0     	     67	              ""	    215.1240	   1008.00	   25.0	    00000000     00000000	   1	[       ]
146   	0     	     67	              ""	    216.1320	   1008.01	   25.0	    00000000     00000000	   1	[       ]
147   	0     	     75	              ""	    217.1400	   1008.00	   25.0	    00000000     00000000	   1	[       ]
148   	0     	     75	              ""	    218.1500	   1009.99	   25.0	    00000000     00000000	   1	[       ]
149   	0     	     75	              ""	    219.1580	   1008.01	   25.0	    00000000     00000000	   1	[       ]
150   	0     	     71	              ""	    220.1660	   1008.00	   25.0	    00000000     00000000	   1	[       ]
151   	0     	     71	              ""	    221.1740	   1008.00	   25.0	    00000000     00000000	   1	[       ]
152   	0     	     71	              ""	    222.1820	   1008.01	   25.0	    00000000     00000000	   1	[       ]
153   	0     	     73	              ""	    223.1920	   1009.99	   25.0	    00000000     00000000	   1	[       ]
154   	0     	     73	              ""	    224.2000	   1008.00	   25.0	    00000000     00000000	   1	[       ]
155   	0     	     73	              ""	    225.2080	   1008.00	   25.0	    00000000     00000000	   1	[       ]
156   	0     	     74	              ""	    226.2160	   1008.01	   25.0	    00000000     00000000	   1	[       ]
157   	0     	     74	              ""	    227.2240	   1008.00	   25.0	    00000000     00000000	   1	[       ]
158   	0     	     74	              ""	    228.2340	   1009.99	   25.0	    00000000     00000000	   1	[       ]
159   	0     	     76	              ""	    229.2420	   1008.01	   25.0	    00000000     00000000	   1	[       ]
160   	0     	     76	              ""	    230.2500	   1008.00	   25.0	    00000000     00000000	   1	[       ]
161   	0     	     76	              ""	    231.2580	   1008.00	   25.0	    00000000     00000000	   1	[       ]
162   	0     	     77	              ""	    232.2680	   1010.01	   25.0	    00000000     00000000	   1	[       ]
163   	0     	     77	              ""	    233.2760	   1008.00	   25.0	    00000000     00000000	   1	[       ]
164   	0     	     77	              ""	    234.2840	   1008.00	   25.0	    00000000     00000000	   1	[       ]
165   	0     	     78	              ""	    235.2920	   1008.01	   25.0	    00000000     00000000	   1	[       ]
166   	0     	     78	              ""	    236.3000	   1008.00	   25.0	    00000000     00000000	   1	[       ]
167   	0     	     78	              ""	    237.3100	   1009.99	   25.0	    00000000     00000000	   1	[       ]
168   	0     	     72	              ""	    238.3180	   1008.00	   25.0	    00000000     00000000	   1	[       ]
169   	0     	     72	              ""	    239.3260	   1008.01	   25.0	    00000000     00000000	   1	[       ]
170   	0     	     72	              ""	    240.3340	   1008.00	   25.0	    00000000     00000000	   1	[       ]
171   	0     	     86	              ""	    241.3440	   1009.99	   25.0	    00000000     00000000	   1	[       ]
172   	0     	     86	              ""	    242.3520	   1008.01	   25.0	    00000000     00000000	   1	[       ]
173   	0     	     86	              ""	    243.3600	   1008.00	   25.0	    00000000     00000000	   1	[       ]
174   	0     	     81	              ""	    244.3680	   1008.00	   25.0	    00000000     00000000	   1	[       ]
175   	0     	     81	              ""	    245.3760	   1008.01	   25.0	    00000000     00000000	   1	[       ]
176   	0     	     81	              ""	    246.3860	   1009.99	   25.0	    00000000     00000000	   1	[       ]
177   	0     	     87	              ""	    247.3940	   1008.00	   25.0	    00000000     00000000	   1	[       ]
178   	0     	     87	              ""	    248.4020	   1008.00	   25.0	    00000000     00000000	   1	[       ]
179   	0     	     87	              ""	    249.4100	   1008.01	   25.0	    00000000     00000000	   1	[       ]
180   	0     	     82	              ""	    250.4180	   1008.00	   25.0	    00000000     00000000	   1	[       ]
181   	0     	     82	              ""	    251.4280	   1009.99	   25.0	    00000000     00000000	   1	[       ]
182   	0     	     82	              ""	    252.4360	   1008.01	   25.0	    00000000     00000000	   1	[       ]
183   	0     	     88	              ""	    253.4440	   1008.00	   25.0	    00000000     00000000	   1	[       ]
184   	0     	     88	              ""	    254.4520	   1008.00	   25.0	    00000000     00000000	   1	[       ]
185   	0     	     88	              ""	    255.4620	   1010.01	   25.0	    00000000     00000000	   1	[       ]
186   	0     	     84	              ""	    256.4700	   1008.00	   25.0	    00000000     00000000	   1	[       ]
187   	0     	     84	              ""	    257.4780	   1008.00	   25.0	    00000000     00000000	   1	[       ]
188   	0     	     84	              ""	    258.4860	   1008.00	   25.0	    00000000     00000000	   1	[       ]
189   	0     	     85	              ""	    259.4940	   1008.00	   25.0	    00000000     00000000	   1	[       ]
190   	0     	     85	              ""	    260.5040	   1010.01	   25.0	    00000000     00000000	   1	[       ]
191   	0     	     85	              ""	    261.5120	   1008.00	   25.0	    00000000     00000000	   1	[       ]
192   	0     	     83	              ""	    262.5200	   1008.00	   25.0	    00000000     00000000	   1	[       ]
193   	0     	     83	              ""	    263.5280	   1008.03	   25.0	    00000000     00000000	   1	[       ]
194   	0     	     83	              ""	    264.5360	   1008.00	   25.0	    00000000     00000000	   1	[       ]
195   	0     	     91	              ""	    265.5460	   1009.98	   25.0	    00000000     00000000	   1	[       ]
196   	0     	     91	              ""	    266.5540	   1008.00	   25.0	    00000000     00000000	   1	[       ]
197   	0     	     91	              ""	    267.5620	   1008.03	   25.0	    00000000     00000000	   1	[       ]
198   	0     	     95	              ""	    268.5700	   1008.00	   25.0	    00000000     00000000	   1	[       ]
199   	0     	     95	              ""	    269.5800	   1009.98	   25.0	    00000000     00000000	   1	[       ]
200   	0     	     95	              ""	    270.5880	   1008.03	   25.0	    00000000     00000000	   1	[       ]
201   	0     	     97	              ""	    271.5960	   1008.00	   25.0	    00000000     00000000	   1	[       ]
202   	0     	     97	              ""	    272.6040	   1008.00	   25.0	    00000000     00000000	   1	[       ]
203   	0     	     97	              ""	    273.6120	   1008.00	   25.0	    00000000     00000000	   1	[       ]
204   	0     	     98	              ""	    274.6220	   1010.01	   25.0	    00000000     00000000	   1	[       ]
205   	0     	     98	              ""	    275.6300	   1008.00	   25.0	    00000000     00000000	   1	[       ]
206   	0     	     98	              ""	    276.6380	   1008.00	   25.0	    00000000     00000000	   1	[       ]
207   	0     	     94	              ""	    277.6460	   1008.00	   25.0	    00000000     00000000	   1	[       ]
208   	0     	     94	              ""	    278.6560	   1010.01	   25.0	    00000000     00000000	   1	[       ]
209   	0     	     94	              ""	    279.6640	   1008.00	   25.0	    00000000     00000000	   1	[       ]
210   	0     	     93	              ""	    280.6720	   1008.00	   25.0	    00000000     00000000	   1	[       ]
211   	0     	     93	              ""	    281.6800	   1008.00	   25.0	    00000000     00000000	   1	[       ]
212   	0     	     93	              ""	    282.6880	   1008.00	   25.0	    00000000     00000000	   1	[       ]
213   	0     	     96	              ""	    283.6980	   1010.01	   25.0	    00000000     00000000	   1	[       ]
214   	0     	     96	              ""	    284.7060	   1008.00	   25.0	    00000000     00000000	   1	[       ]
215   	0     	     96	              ""	    285.7140	   1008.00	   25.0	    00000000     00000000	   1	[       ]
216   	0     	     92	              ""	    286.7220	   1008.00	   25.0	    00000000     00000000	   1	[       ]
217   	0     	     92	              ""	    287.7300	   1008.03	   25.0	    00000000     00000000	   1	[       ]
218   	0     	     92	              ""	    288.7400	   1009.98	   25.0	    00000000     00000000	   1	[       ]
219   	0     	    101	              ""	    289.7480	   1008.00	   25.0	    00000000     00000000	   1	[       ]
220   	0     	    101	              ""	    290.7560	   1008.03	   25.0	    00000000     00000000	   1	[       ]
221   	0     	    101	              ""	    291.7640	   1008.00	   25.0	    00000000     00000000	   1	[       ]
222   	0     	    108	              ""	    292.7740	   1009.98	   25.0	    00000000     00000000	   1	[       ]
223   	0     	    108	              ""	    293.7820	   1008.03	   25.0	    00000000     00000000	   1	[       ]
224   	0     	    108	              ""	    294.7900	   1008.00	   25.0	    00000000     00000000	   1	[       ]
225   	0     	    102	              ""	    295.7980	   1008.00	   25.0	    00000000     00000000	   1	[       ]
226   	0     	    102	              ""	    296.8060	   1008.00	   25.0	    00000000     00000000	   1	[       ]
227   	0     	    102	              ""	    297.8160	   1010.01	   25.0	    00000000     00000000	   1	[       ]
228   	0     	    107	              ""	    298.8240	   1008.00	   25.0	    00000000     00000000	   1	[       ]
229   	0     	    107	              ""	    299.8320	   1008.00	   25.0	    00000000     00000000	   1	[       ]
230   	0     	    107	              ""	    300.8400	   1008.00	   25.0	    00000000     00000000	   1	[       ]
231   	0     	    105	              ""	    301.8500	   1010.01	   25.0	    00000000     00000000	   1	[       ]
232   	0     	    105	              ""	    302.8580	   1008.00	   25.0	    00000000     00000000	   1	[       ]
233   	0     	    105	              ""	    303.8660	   1008.00	   25.0	    00000000     00000000	   1	[       ]
234   	0     	    106	              ""	    304.8740	   1008.00	   25.0	    00000000     00000000	   1	[       ]
235   	0     	    106	              ""	    305.8820	   1008.00	   25.0	    00000000     00000000	   1	[       ]
236   	0     	    106	              ""	    306.8920	   1010.01	   25.0	    00000000     00000000	   1	[       ]
237   	0     	    104	              ""	    307.9000	   1008.00	   25.0	    00000000     00000000	   1	[       ]
238   	0     	    104	              ""	    308.9080	   1008.00	   25.0	    00000000     00000000	   1	[       ]
239   	0     	    104	              ""	    309.9160	   1008.00	   25.0	    00000000     00000000	   1	[       ]
240   	0     	    103	              ""	    310.9240	   1008.03	   25.0	    00000000     00000000	   1	[       ]
241   	0     	    103	              ""	    311.9340	   1009.98	   25.0	    00000000     00000000	   1	[       ]
242   	0     	    103	              ""	    312.9420	   1008.00	   25.0	    00000000     00000000	   1	[       ]
243   	0     	    117	              ""	    313.9500	   1008.03	   25.0	    00000000     00000000	   1	[       ]
244   	0     	    117	              ""	    314.9580	   1008.00	   25.0	    00000000     00000000	   1	[       ]
245   	0     	    117	              ""	    315.9680	   1009.98	   25.0	    00000000     00000000	   1	[       ]
246   	0     	    116	              ""	    316.9760	   1008.03	   25.0	    00000000     00000000	   1	[       ]
247   	0     	    116	              ""	    317.9840	   1008.00	   25.0	    00000000     00000000	   1	[       ]
248   	0     	    116	              ""	    318.9920	   1008.00	   25.0	    00000000     00000000	   1	[       ]
249   	0     	    112	              ""	    320.0000	   1008.00	   25.0	    00000000     00000000	   1	[       ]
250   	0     	    112	              ""	    321.0100	   1010.01	   25.0	    00000000     00000000	   1	[       ]
251   	0     	    112	              ""	    322.0180	   1008.00	   25.0	    00000000     00000000	   1	[       ]
252   	0     	    114	              ""	    323.0260	   1008.00	   25.0	    00000000     00000000	   1	[       ]
253   	0     	    114	              ""	    324.0340	   1008.00	   25.0	    00000000     00000000	   1	[       ]
254   	0     	    114	              ""	    325.0420	   1008.00	   25.0	    00000000     00000000	   1	[       ]
255   	0     	    118	              ""	    326.0520	   1010.01	   25.0	    00000000     00000000	   1	[       ]
256   	0     	    118	              ""	    327.0600	   1008.00	   25.0	    00000000     00000000	   1	[       ]
257   	0     	    118	              ""	    328.0680	   1008.00	   25.0	    00000000     00000000	   1	[       ]
258   	0     	    115	              ""	    329.0760	   1008.00	   25.0	    00000000     00000000	   1	[       ]
259   	0     	    115	              ""	    330.0860	   1010.01	   25.0	    00000000     00000000	   1	[       ]
260   	0     	    115	              ""	    331.0940	   1008.00	   25.0	    00000000     00000000	   1	[       ]
261   	0     	    113	              ""	    332.1020	   1008.00	   25.0	    00000000     00000000	   1	[       ]
262   	0     	    113	              ""	    333.1100	   1008.00	   25.0	    00000000     00000000	   1	[       ]
263   	0     	    113	              ""	    334.1180	   1008.03	   25.0	    00000000     00000000	   1	[       ]
264   	0     	    111	              ""	    335.1280	   1009.98	   25.0	    00000000     00000000	   1	[       ]
265   	0     	    111	              ""	    336.1360	   1008.00	   25.0	    00000000     00000000	   1	[       ]
266   	0     	    111	              ""	    337.1440	   1008.03	   25.0	    00000000     00000000	   1	[       ]
267   	0     	    125	              ""	    338.1520	   1008.00	   25.0	    00000000     00000000	   1	[       ]
268   	0     	    125	              ""	    339.1620	   1009.98	   25.0	    00000000     00000000	   1	[       ]
269   	0     	    125	              ""	    340.1700	   1008.03	   25.0	    00000000     00000000	   1	[       ]
270   	0     	    124	              ""	    341.1780	   1008.00	   25.0	    00000000     00000000	   1	[       ]
271   	0     	    124	              ""	    342.1860	   1008.00	   25.0	    00000000     00000000	   1	[       ]
272   	0     	    124	              ""	    343.1940	   1008.00	   25.0	    00000000     00000000	   1	[       ]
273   	0     	    128	              ""	    344.2040	   1010.01	   25.0	    00000000     00000000	   1	[       ]
274   	0     	    128	              ""	    345.2120	   1008.00	   25.0	    00000000     00000000	   1	[       ]
275   	0     	    128	              ""	    346.2200	   1008.00	   25.0	    00000000     00000000	   1	[       ]
276   	0     	    122	              ""	    347.2280	   1008.00	   25.0	    00000000     00000000	   1	[       ]
277   	0     	    122	              ""	    348.2360	   1008.00	   25.0	    00000000     00000000	   1	[       ]
278   	0     	    122	              ""	    349.2460	   1010.01	   25.0	    00000000     00000000	   1	[       ]
279   	0     	    126	              ""	    350.2540	   1008.00	   25.0	    00000000     00000000	   1	[       ]
280   	0     	    126	              ""	    351.2620	   1008.00	   25.0	    00000000     00000000	   1	[       ]
281   	0     	    126	              ""	    352.2700	   1008.00	   25.0	    00000000     00000000	   1	[       ]
282   	0     	    127	              ""	    353.2800	   1010.01	   25.0	    00000000     00000000	   1	[       ]
283   	0     	    127	              ""	    354.2880	   1008.00	   25.0	    00000000     00000000	   1	[       ]
284   	0     	    127	              ""	    355.2960	   1008.00	   25.0	    00000000     00000000	   1	[       ]
285   	0     	    121	              ""	    356.3040	   1008.00	   25.0	    00000000     00000000	   1	[       ]
286   	0     	    121	              ""	    357.3120	   1008.03	   25.0	    00000000     00000000	   1	[       ]
287   	0     	    121	              ""	    358.3220	   1009.98	   25.0	    00000000     00000000	   1	[       ]
288   	0     	    123	              ""	    359.3300	   1008.00	   25.0	    00000000     00000000	   1	[       ]
289   	0     	    123	              ""	    360.3380	   1008.03	   25.0	    00000000     00000000	   1	[       ]
290   	0     	    123	              ""	    361.3460	   1008.00	   25.0	    00000000     00000000	   1	[       ]
291   	0     	    134	              ""	    362.3540	   1008.00	   25.0	    00000000     00000000	   1	[       ]
292   	0     	    134	              ""	    363.3640	   1010.01	   25.0	    00000000     00000000	   1	[       ]
293   	0     	    134	              ""	    364.3720	   1008.00	   25.0	    00000000     00000000	   1	[       ]
294   	0     	    138	              ""	    365.3800	   1008.00	   25.0	    00000000     00000000	   1	[       ]
295   	0     	    138	              ""	    366.3880	   1008.00	   25.0	    00000000     00000000	   1	[       ]
296   	0     	    138	              ""	    367.3980	   1010.01	   25.0	    00000000     00000000	   1	[       ]
297   	0     	    136	              ""	    368.4060	   1008.00	   25.0	    00000000     00000000	   1	[       ]
298   	0     	    136	              ""	    369.4140	   1008.00	   25.0	    00000000     00000000	   1	[       ]
299   	0     	    136	              ""	    370.4220	   1008.00	   25.0	    00000000     00000000	   1	[       ]
300   	0     	    132	              ""	    371.4300	   1008.00	   25.0	    00000000     00000000	   1	[       ]
301   	0     	    132	              ""	    372.4400	   1010.01	   25.0	    00000000     00000000	   1	[       ]
302   	0     	    132	              ""	    373.4480	   1008.00	   25.0	    00000000     00000000	   1	[       ]
303   	0     	    131	              ""	    374.4560	   1008.00	   25.0	    00000000     00000000	   1	[       ]
304   	0     	    131	              ""	    375.4640	   1008.00	   25.0	    00000000     00000000	   1	[       ]
305   	0     	    131	              ""	    376.4740	   1010.01	   25.0	    00000000     00000000	   1	[       ]
306   	0     	    133	              ""	    377.4820	   1008.00	   25.0	    00000000     00000000	   1	[       ]
307   	0     	    133	              ""	    378.4900	   1008.00	   25.0	    00000000     00000000	   1	[       ]
308   	0     	    133	              ""	    379.4980	   1008.00	   25.0	    00000000     00000000	   1	[       ]
309   	0     	    135	              ""	    380.5060	   1008.03	   25.0	    00000000     00000000	   1	[       ]
310   	0     	    135	              ""	    381.5160	   1009.98	   25.0	    00000000     00000000	   1	[       ]
311   	0     	    135	              ""	    382.5240	   1008.00	   25.0	    00000000     00000000	   1	[       ]
312   	0     	    137	              ""	    383.5320	   1008.03	   25.0	    00000000     00000000	   1	[       ]
313   	0     	    137	              ""	    384.5400	   1008.00	   25.0	    00000000     00000000	   1	[       ]
314   	0     	    137	              ""	    385.5480	   1008.00	   25.0	    00000000     00000000	   1	[       ]
315   	0     	    142	              ""	    386.5580	   1010.01	   25.0	    00000000     00000000	   1	[       ]
316   	0     	    142	              ""	    387.5660	   1008.00	   25.0	    00000000     00000000	   1	[       ]
317   	0     	    142	              ""	    388.5740	   1008.00	   25.0	    00000000     00000000	   1	[       ]
318   	0     	    144	              ""	    389.5820	   1008.00	   25.0	    00000000     00000000	   1	[       ]
319   	0     	    144	              ""	    390.5920	   1010.01	   25.0	    00000000     00000000	   1	[       ]
320   	0     	    144	              ""	    391.6000	   1008.00	   25.0	    00000000     00000000	   1	[       ]
321   	0     	    147	              ""	    392.6080	   1008.00	   25.0	    00000000     00000000	   1	[       ]
322   	0     	    147	              ""	    393.6160	   1008.00	   25.0	    00000000     00000000	   1	[       ]
323   	0     	    147	              ""	    394.6240	   1008.00	   25.0	    00000000     00000000	   1	[       ]
324   	0     	    145	              ""	    395.6340	   1010.01	   25.0	    00000000     00000000	   1	[       ]
325   	0     	    145	              ""	    396.6420	   1008.00	   25.0	    00000000     00000000	   1	[       ]
326   	0     	    145	              ""	    397.6500	   1008.00	   25.0	    00000000     00000000	   1	[       ]
327   	0     	    148	              ""	    398.6580	   1008.00	   25.0	    00000000     00000000	   1	[       ]
328   	0     	    148	              ""	    399.6660	   1008.00	   25.0	    00000000     00000000	   1	[       ]
329   	0     	    148	              ""	    400.6760	   1010.01	   25.0	    00000000     00000000	   1	[       ]
330   	0     	    146	              ""	    401.6840	   1008.00	   25.0	    00000000     00000000	   1	[       ]
331   	0     	    146	              ""	    402.6920	   1008.00	   25.0	    00000000     00000000	   1	[       ]
332   	0     	    146	              ""	    403.7000	   1008.03	   25.0	    00000000     00000000	   1	[       ]
333   	0     	    143	              ""	    404.7100	   1009.98	   25.0	    00000000     00000000	   1	[       ]
334   	0     	    143	              ""	    405.7180	   1008.00	   25.0	    00000000     00000000	   1	[       ]
335   	0     	    143	              ""	    406.7260	   1008.03	   25.0	    00000000     00000000	   1	[       ]
336   	0     	    141	              ""	    407.7340	   1008.00	   25.0	    00000000     00000000	   1	[       ]
337   	0     	    141	              ""	    408.7420	   1008.00	   25.0	    00000000     00000000	   1	[       ]
338   	0     	    141	              ""	    409.7520	   1010.01	   25.0	    00000000     00000000	   1	[       ]
339   	0     	    154	              ""	    410.7600	   1008.00	   25.0	    00000000     00000000	   1	[       ]
340   	0     	    154	              ""	    411.7680	   1008.00	   25.0	    00000000     00000000	   1	[       ]
341   	0     	    154	              ""	    412.7760	   1008.00	   25.0	    00000000     00000000	   1	[       ]
342   	0     	    158	              ""	    413.7860	   1010.01	   25.0	    00000000     00000000	   1	[       ]
343   	0     	    158	              ""	    414.7940	   1008.00	   25.0	    00000000     00000000	   1	[       ]
344   	0     	    158	              ""	    415.8020	   1008.00	   25.0	    00000000     00000000	   1	[       ]
345   	0     	    151	              ""	    416.8100	   1008.00	   25.0	    00000000     00000000	   1	[       ]
346   	0     	    151	              ""	    417.8180	   1008.00	   25.0	    00000000     00000000	   1	[       ]
347   	0     	    151	              ""	    418.8280	   1010.01	   25.0	    00000000     00000000	   1	[       ]
348   	0     	    156	              ""	    419.8360	   1008.00	   25.0	    00000000     00000000	   1	[       ]
349   	0     	    156	              ""	    420.8440	   1008.00	   25.0	    00000000     00000000	   1	[       ]
350   	0     	    156	              ""	    421.8520	   1008.00	   25.0	    00000000     00000000	   1	[       ]
351   	0     	    153	              ""	    422.8600	   1008.00	   25.0	    00000000     00000000	   1	[       ]
352   	0     	    153	              ""	    423.8700	   1010.01	   25.0	    00000000     00000000	   1	[       ]
353   	0     	    153	              ""	    424.8780	   1008.00	   25.0	    00000000     00000000	   1	[       ]
354   	0     	    157	              ""	    425.8860	   1008.00	   25.0	    00000000     00000000	   1	[       ]
355   	0     	    157	              ""	    426.8940	   1008.03	   25.0	    00000000     00000000	   1	[       ]
356   	0     	    157	              ""	    427.9040	   1009.98	   25.0	    00000000     00000000	   1	[       ]
357   	0     	    155	              ""	    428.9120	   1008.00	   25.0	    00000000     00000000	   1	[       ]
358   	0     	    155	              ""	    429.9200	   1008.03	   25.0	    00000000     00000000	   1	[       ]
359   	0     	    155	              ""	    430.9280	   1008.00	   25.0	    00000000     00000000	   1	[       ]
360   	0     	    152	              ""	    431.9360	   1008.00	   25.0	    00000000     00000000	   1	[       ]
361   	0     	    152	              ""	    432.9460	   1010.01	   25.0	    00000000     00000000	   1	[       ]
362   	0     	    152	              ""	    433.9540	   1008.00	   25.0	    00000000     00000000	   1	[       ]
363   	0     	    163	              ""	    434.9620	   1008.00	   25.0	    00000000     00000000	   1	[       ]
364   	0     	    163	              ""	    435.9700	   1008.00	   25.0	    00000000     00000000	   1	[       ]
365   	0     	    163	              ""	    436.9780	   1008.00	   25.0	    00000000     00000000	   1	[       ]
366   	0     	    161	              ""	    437.9880	   1010.01	   25.0	    00000000     00000000	   1	[       ]
367   	0     	    161	              ""	    438.9960	   1008.00	   25.0	    00000000     00000000	   1	[       ]
368   	0     	    161	              ""	    440.0040	   1008.00	   25.0	    00000000     00000000	   1	[       ]
369   	0     	    165	              ""	    441.0120	   1008.00	   25.0	    00000000     00000000	   1	[       ]
370   	0     	    165	              ""	    442.0220	   1010.01	   25.0	    00000000     00000000	   1	[       ]
371   	0     	    165	              ""	    443.0300	   1008.00	   25.0	    00000000     00000000	   1	[       ]
372   	0     	    164	              ""	    444.0380	   1008.00	   25.0	    00000000     00000000	   1	[       ]
373   	0     	    164	              ""	    445.0460	   1008.00	   25.0	    00000000     00000000	   1	[       ]
374   	0     	    164	              ""	    446.0540	   1008.00	   25.0	    00000000     00000000	   1	[       ]
375   	0     	    166	              ""	    447.0640	   1010.01	   25.0	    00000000     00000000	   1	[       ]
376   	0     	    166	              ""	    448.0720	   1008.00	   25.0	    00000000     00000000	   1	[       ]
377   	0     	    166	              ""	    449.0800	   1008.00	   25.0	    00000000     00000000	   1	[       ]
378   	0     	    162	              ""	    450.0880	   1008.03	   25.0	    00000000     00000000	   1	[       ]
379   	0     	    162	              ""	    451.0980	   1009.98	   25.0	    00000000     00000000	   1	[       ]
380   	0     	    162	              ""	    452.1060	   1008.00	   25.0	    00000000     00000000	   1	[       ]
381   	0     	    168	              ""	    453.1140	   1008.03	   25.0	    00000000     00000000	   1	[       ]
382   	0     	    168	              ""	    454.1220	   1008.00	   25.0	    00000000     00000000	   1	[       ]
383   	0     	    168	              ""	    455.1300	   1008.00	   25.0	    00000000     00000000	   1	[       ]
384   	0     	    167	              ""	    456.1400	   1010.01	   25.0	    00000000     00000000	   1	[       ]
385   	0     	    167	              ""	    457.1480	   1008.00	   25.0	    00000000     00000000	   1	[       ]
386   	0     	    167	              ""	    458.1560	   1008.00	   25.0	    00000000     00000000	   1	[       ]
387   	0     	    171	              ""	    459.1640	   1008.00	   25.0	    00000000     00000000	   1	[       ]
388   	0     	    171	              ""	    460.1720	   1008.00	   25.0	    00000000     00000000	   1	[       ]
389   	0     	    171	              ""	    461.1820	   1010.01	   25.0	    00000000     00000000	   1	[       ]
390   	0     	    176	              ""	    462.1900	   1008.00	   25.0	    00000000     00000000	   1	[       ]
391   	0     	    176	              ""	    463.1980	   1008.00	   25.0	    00000000     00000000	   1	[       ]
392   	0     	    176	              ""	    464.2060	   1008.00	   25.0	    00000000     00000000	   1	[       ]
393   	0     	    178	              ""	    465.2160	   1010.01	   25.0	    00000000     00000000	   1	[       ]
394   	0     	    178	              ""	    466.2240	   1008.00	   25.0	    00000000     00000000	   1	[       ]
395   	0     	    178	              ""	    467.2320	   1008.00	   25.0	    00000000     00000000	   1	[       ]
396   	0     	    175	              ""	    468.2400	   1008.00	   25.0	    00000000     00000000	   1	[       ]
397   	0     	    175	              ""	    469.2480	   1008.00	   25.0	    00000000     00000000	   1	[       ]
398   	0     	    175	              ""	    470.2580	   1010.01	   25.0	    00000000     00000000	   1	[       ]
399   	0     	    173	              ""	    471.2660	   1008.00	   25.0	    00000000     00000000	   1	[       ]
400   	0     	    173	              ""	    472.2740	   1008.00	   25.0	    00000000     00000000	   1	[       ]
401   	0     	    173	              ""	    473.2820	   1008.03	   25.0	    00000000     00000000	   1	[       ]
402   	0     	    177	              ""	    474.2920	   1009.98	   25.0	    00000000     00000000	   1	[       ]
403   	0     	    177	              ""	    475.3000	   1008.00	   25.0	    00000000     00000000	   1	[       ]
404   	0     	    177	              ""	    476.3080	   1008.03	   25.0	    00000000     00000000	   1	[       ]
405   	0     	    174	              ""	    477.3160	   1008.00	   25.0	    00000000     00000000	   1	[       ]
406   	0     	    174	              ""	    478.3240	   1008.00	   25.0	    00000000     00000000	   1	[       ]
407   	0     	    174	              ""	    479.3340	   1010.01	   25.0	    00000000     00000000	   1	[       ]
408   	0     	    172	              ""	    480.3420	   1008.00	   25.0	    00000000     00000000	   1	[       ]
409   	0     	    172	              ""	    481.3500	   1008.00	   25.0	    00000000     00000000	   1	[       ]
410   	0     	    172	              ""	    482.3580	   1008.00	   25.0	    00000000     00000000	   1	[       ]
411   	0     	    186	              ""	    483.3660	   1008.00	   25.0	    00000000     00000000	   1	[       ]
412   	0     	    186	              ""	    484.3760	   1010.01	   25.0	    00000000     00000000	   1	[       ]
413   	0     	    186	              ""	    485.3840	   1008.00	   25.0	    00000000     00000000	   1	[       ]
414   	0     	    184	              ""	    486.3920	   1008.00	   25.0	    00000000     00000000	   1	[       ]
415   	0     	    184	              ""	    487.4000	   1008.00	   25.0	    00000000     00000000	   1	[       ]
416   	0     	    184	              ""	    488.4100	   1010.01	   25.0	    00000000     00000000	   1	[       ]
417   	0     	    187	              ""	    489.4180	   1008.00	   25.0	    00000000     00000000	   1	[       ]
418   	0     	    187	              ""	    490.4260	   1008.00	   25.0	    00000000     00000000	   1	[       ]
419   	0     	    187	              ""	    491.4340	   1008.00	   25.0	    00000000     00000000	   1	[       ]
420   	0     	    181	              ""	    492.4420	   1008.00	   25.0	    00000000     00000000	   1	[       ]
421   	0     	    181	              ""	    493.4520	   1010.01	   25.0	    00000000     00000000	   1	[       ]
422   	0     	    181	              ""	    494.4600	   1008.00	   25.0	    00000000     00000000	   1	[       ]
423   	0     	    188	              ""	    495.4680	   1008.00	   25.0	    00000000     00000000	   1	[       ]
424   	0     	    188	              ""	    496.4760	   1008.03	   25.0	    00000000     00000000	   1	[       ]
425   	0     	    188	              ""	    497.4840	   1008.00	   25.0	    00000000     00000000	   1	[       ]
426   	0     	    185	              ""	    498.4940	   1009.98	   25.0	    00000000     00000000	   1	[       ]
427   	0     	    185	              ""	    499.5020	   1008.03	   25.0	    00000000     00000000	   1	[       ]
428   	0     	    185	              ""	    500.5100	   1008.00	   25.0	    00000000     00000000	   1	[       ]
429   	0     	    182	              ""	    501.5180	   1008.00	   25.0	    00000000     00000000	   1	[       ]
430   	0     	    182	              ""	    502.5280	   1010.01	   25.0	    00000000     00000000	   1	[       ]
431   	0     	    182	              ""	    503.5360	   1008.00	   25.0	    00000000     00000000	   1	[       ]
432   	0     	    183	              ""	    504.5440	   1008.00	   25.0	    00000000     00000000	   1	[       ]
433   	0     	    183	              ""	    505.5520	   1008.00	   25.0	    00000000     00000000	   1	[       ]
434   	0     	    183	              ""	    506.5600	   1008.00	   25.0	    00000000     00000000	   1	[       ]
435   	0     	    194	              ""	    507.5700	   1010.01	   25.0	    00000000     00000000	   1	[       ]
436   	0     	    194	              ""	    508.5780	   1008.00	   25.0	    00000000     00000000	   1	[       ]
437   	0     	    194	              ""	    509.5860	   1008.00	   25.0	    00000000     00000000	   1	[       ]
438   	0     	    191	              ""	    510.5940	   1008.00	   25.0	    00000000     00000000	   1	[       ]
439   	0     	    191	              ""	    511.6040	   1010.01	   25.0	    00000000     00000000	   1	[       ]
440   	0     	    191	              ""	    512.6120	   1008.00	   25.0	    00000000     00000000	   1	[       ]
441   	0     	    197	              ""	    513.6200	   1008.00	   25.0	    00000000     00000000	   1	[       ]
442   	0     	    197	              ""	    514.6280	   1008.00	   25.0	    00000000     00000000	   1	[       ]
443   	0     	    197	              ""	    515.6360	   1008.00	   25.0	    00000000     00000000	   1	[       ]
444   	0     	    193	              ""	    516.6460	   1010.01	   25.0	    00000000     00000000	   1	[       ]
445   	0     	    193	              ""	    517.6540	   1008.00	   25.0	    00000000     00000000	   1	[       ]
446   	0     	    193	              ""	    518.6620	   1008.00	   25.0	    00000000     00000000	   1	[       ]
447   	0     	    196	              ""	    519.6700	   1008.00	   25.0	    00000000     00000000	   1	[       ]
448   	0     	    196	              ""	    520.6780	   1008.00	   25.0	    00000000     00000000	   1	[       ]
449   	0     	    196	              ""	    521.6880	   1010.01	   25.0	    00000000     00000000	   1	[       ]
450   	0     	    192	              ""	    522.6960	   1008.00	   25.0	    00000000     00000000	   1	[       ]
451   	0     	    192	              ""	    523.7040	   1008.00	   25.0	    00000000     00000000	   1	[       ]
452   	0     	    192	              ""	    524.7120	   1008.00	   25.0	    00000000     00000000	   1	[       ]
453   	0     	    198	              ""	    525.7220	   1010.01	   25.0	    00000000     00000000	   1	[       ]
454   	0     	    198	              ""	    526.7300	   1008.00	   25.0	    00000000     00000000	   1	[       ]
455   	0     	    198	              ""	    527.7380	   1008.00	   25.0	    00000000     00000000	   1	[       ]
456   	0     	    195	              ""	    528.7460	   1008.00	   25.0	    00000000     00000000	   1	[       ]
457   	0     	    195	              ""	    529.7540	   1008.06	   25.0	    00000000     00000000	   1	[       ]
458   	0     	    195	              ""	    530.7640	   1009.95	   25.0	    00000000     00000000	   1	[       ]
459   	0     	    206	              ""	    531.7720	   1008.00	   25.0	    00000000     00000000	   1	[       ]
460   	0     	    206	              ""	    532.7800	   1008.06	   25.0	    00000000     00000000	   1	[       ]
461   	0     	    206	              ""	    533.7880	   1008.00	   25.0	    00000000     00000000	   1	[       ]
462   	0     	    204	              ""	    534.7960	   1008.00	   25.0	    00000000     00000000	   1	[       ]
463   	0     	    204	              ""	    535.8060	   1010.01	   25.0	    00000000     00000000	   1	[       ]
464   	0     	    204	              ""	    536.8140	   1008.00	   25.0	    00000000     00000000	   1	[       ]
465   	0     	    202	              ""	    537.8220	   1008.00	   25.0	    00000000     00000000	   1	[       ]
466   	0     	    202	              ""	    538.8300	   1008.00	   25.0	    00000000     00000000	   1	[       ]
467   	0     	    202	              ""	    539.8400	   1010.01	   25.0	    00000000     00000000	   1	[       ]
468   	0     	    201	              ""	    540.8480	   1008.00	   25.0	    00000000     00000000	   1	[       ]
469   	0     	    201	              ""	    541.8560	   1008.00	   25.0	    00000000     00000000	   1	[       ]
470   	0     	    201	              ""	    542.8640	   1008.00	   25.0	    00000000     00000000	   1	[       ]
471   	0     	    203	              ""	    543.8720	   1008.00	   25.0	    00000000     00000000	   1	[       ]
472   	0     	    203	              ""	    544.8820	   1010.01	   25.0	    00000000     00000000	   1	[       ]
473   	0     	    203	              ""	    545.8900	   1008.00	   25.0	    00000000     00000000	   1	[       ]
474   	0     	    207	              ""	    546.8980	   1008.00	   25.0	    00000000     00000000	   1	[       ]
475   	0     	    207	              ""	    547.9060	   1008.00	   25.0	    00000000     00000000	   1	[       ]
476   	0     	    207	              ""	    548.9160	   1010.01	   25.0	    00000000     00000000	   1	[       ]
477   	0     	    205	              ""	    549.9240	   1008.00	   25.0	    00000000     00000000	   1	[       ]
478   	0     	    205	              ""	    550.9320	   1008.00	   25.0	    00000000     00000000	   1	[       ]
479   	0     	    205	              ""	    551.9400	   1008.00	   25.0	    00000000     00000000	   1	[       ]
480   	0     	    208	              ""	    552.9480	   1008.00	   25.0	    00000000     00000000	   1	[       ]
481   	0     	    208	              ""	    553.9580	   1010.01	   25.0	    00000000     00000000	   1	[       ]
482   	0     	    208	              ""	    554.9660	   1008.00	   25.0	    00000000     00000000	   1	[       ]
483   	0     	    211	              ""	    555.9740	   1008.00	   25.0	    00000000     00000000	   1	[       ]
484   	0     	    211	              ""	    556.9820	   1008.00	   25.0	    00000000     00000000	   1	[       ]
485   	0     	    211	              ""	    557.9900	   1008.00	   25.0	    00000000     00000000	   1	[       ]
486   	0     	    213	              ""	    559.0000	   1010.01	   25.0	    00000000     00000000	   1	[       ]
487   	0     	    213	              ""	    560.0080	   1008.00	   25.0	    00000000     00000000	   1	[       ]
488   	0     	    213	              ""	    561.0160	   1008.00	   25.0	    00000000     00000000	   1	[       ]
489   	0     	    214	              ""	    562.0240	   1008.00	   25.0	    00000000     00000000	   1	[       ]
490   	0     	    214	              ""	    563.0340	   1010.01	   25.0	    00000000     00000000	   1	[       ]
491   	0     	    214	              ""	    564.0420	   1008.00	   25.0	    00000000     00000000	   1	[       ]
492   	0     	    212	              ""	    565.0500	   1008.00	   25.0	    00000000     00000000	   1	[       ]
493   	0     	    212	              ""	    566.0580	   1008.00	   25.0	    00000000     00000000	   1	[       ]
494   	0     	    212	              ""	    567.0660	   1008.00	   25.0	    00000000     00000000	   1	[       ]
495   	0     	    216	              ""	    568.0760	   1010.01	   25.0	    00000000     00000000	   1	[       ]
496   	0     	    216	              ""	    569.0840	   1008.00	   25.0	    00000000     00000000	   1	[       ]
497   	0     	    216	              ""	    570.0920	   1008.00	   25.0	    00000000     00000000	   1	[       ]
498   	0     	    217	              ""	    571.1000	   1008.00	   25.0	    00000000     00000000	   1	[       ]
499   	0     	    217	              ""	    572.1080	   1008.00	   25.0	    00000000     00000000	   1	[       ]
500   	0     	    217	              ""	    573.1180	   1010.01	   25.0	    00000000     00000000	   1	[       ]
501   	0     	    215	              ""	    574.1260	   1008.00	   25.0	    00000000     00000000	   1	[       ]
502   	0     	    215	              ""	    575.1340	   1008.00	   25.0	    00000000     00000000	   1	[       ]
503   	0     	    215	              ""	    576.1420	   1008.06	   25.0	    00000000     00000000	   1	[       ]
504   	0     	    218	              ""	    577.1520	   1009.95	   25.0	    00000000     00000000	   1	[       ]
505   	0     	    218	              ""	    578.1600	   1008.00	   25.0	    00000000     00000000	   1	[       ]
506   	0     	    218	              ""	    579.1680	   1008.06	   25.0	    00000000     00000000	   1	[       ]
507   	0     	    223	              ""	    580.1760	   1008.00	   25.0	    00000000     00000000	   1	[       ]
508   	0     	    223	              ""	    581.1840	   1008.00	   25.0	    00000000     00000000	   1	[       ]
509   	0     	    223	              ""	    582.1940	   1009.95	   25.0	    00000000     00000000	   1	[       ]
510   	0     	    222	              ""	    583.2020	   1008.06	   25.0	    00000000     00000000	   1	[       ]
511   	0     	    222	              ""	    584.2100	   1008.00	   25.0	    00000000     00000000	   1	[       ]
512   	0     	    222	              ""	    585.2180	   1008.00	   25.0	    00000000     00000000	   1	[       ]
513   	0     	    225	              ""	    586.2280	   1010.01	   25.0	    00000000     00000000	   1	[       ]
514   	0     	    225	              ""	    587.2360	   1008.00	   25.0	    00000000     00000000	   1	[       ]
515   	0     	    225	              ""	    588.2440	   1008.00	   25.0	    00000000     00000000	   1	[       ]
516   	0     	    227	              ""	    589.2520	   1008.00	   25.0	    00000000     00000000	   1	[       ]
517   	0     	    227	              ""	    590.2600	   1008.00	   25.0	    00000000     00000000	   1	[       ]
518   	0     	    227	              ""	    591.2700	   1010.01	   25.0	    00000000     00000000	   1	[       ]
519   	0     	    228	              ""	    592.2780	   1008.00	   25.0	    00000000     00000000	   1	[       ]
520   	0     	    228	              ""	    593.2860	   1008.00	   25.0	    00000000     00000000	   1	[       ]
521   	0     	    228	              ""	    594.2940	   1008.00	   25.0	    00000000     00000000	   1	[       ]
522   	0     	    226	              ""	    595.3020	   1008.00	   25.0	    00000000     00000000	   1	[       ]
523   	0     	    226	              ""	    596.3120	   1010.01	   25.0	    00000000     00000000	   1	[       ]
524   	0     	    226	              ""	    597.3200	   1008.00	   25.0	    00000000     00000000	   1	[       ]
525   	0     	    224	              ""	    598.3280	   1008.00	   25.0	    00000000     00000000	   1	[       ]
526   	0     	    224	              ""	    599.3360	   1008.00	   25.0	    00000000     00000000	   1	[       ]
527   	0     	    224	              ""	    600.3460	   1010.01	   25.0	    00000000     00000000	   1	[       ]
528   	0     	    221	              ""	    601.3540	   1008.00	   25.0	    00000000     00000000	   1	[       ]
529   	0     	    221	              ""	    602.3620	   1008.00	   25.0	    00000000     00000000	   1	[       ]
530   	0     	    221	              ""	    603.3700	   1008.00	   25.0	    00000000     00000000	   1	[       ]
531   	0     	    237	              ""	    604.3780	   1008.00	   25.0	    00000000     00000000	   1	[       ]
532   	0     	    237	              ""	    605.3880	   1010.01	   25.0	    00000000     00000000	   1	[       ]
533   	0     	    237	              ""	    606.3960	   1008.00	   25.0	    00000000     00000000	   1	[       ]
534   	0     	    238	              ""	    607.4040	   1008.00	   25.0	    00000000     00000000	   1	[       ]
535   	0     	    238	              ""	    608.4120	   1008.00	   25.0	    00000000     00000000	   1	[       ]
536   	0     	    238	              ""	    609.4200	   1008.00	   25.0	    00000000     00000000	   1	[       ]
537   	0     	    235	              ""	    610.4300	   1010.01	   25.0	    00000000     00000000	   1	[       ]
538   	0     	    235	              ""	    611.4380	   1008.00	   25.0	    00000000     00000000	   1	[       ]
539   	0     	    235	              ""	    612.4460	   1008.00	   25.0	    00000000     00000000	   1	[       ]
540   	0     	    234	              ""	    613.4540	   1008.00	   25.0	    00000000     00000000	   1	[       ]
541   	0     	    234	              ""	    614.4640	   1010.01	   25.0	    00000000     00000000	   1	[       ]
542   	0     	    234	              ""	    615.4720	   1008.00	   25.0	    00000000     00000000	   1	[       ]
543   	0     	    236	              ""	    616.4800	   1008.00	   25.0	    00000000     00000000	   1	[       ]
544   	0     	    236	              ""	    617.4880	   1008.00	   25.0	    00000000     00000000	   1	[       ]
545   	0     	    236	              ""	    618.4960	   1008.00	   25.0	    00000000     00000000	   1	[       ]
546   	0     	    232	              ""	    619.5060	   1010.01	   25.0	    00000000     00000000	   1	[       ]
547   	0     	    232	              ""	    620.5140	   1008.00	   25.0	    00000000     00000000	   1	[       ]
548   	0     	    232	              ""	    621.5220	   1008.00	   25.0	    00000000     00000000	   1	[       ]
549   	0     	    233	              ""	    622.5300	   1008.06	   25.0	    00000000     00000000	   1	[       ]
550   	0     	    233	              ""	    623.5400	   1009.95	   25.0	    00000000     00000000	   1	[       ]
551   	0     	    233	              ""	    624.5480	   1008.00	   25.0	    00000000     00000000	   1	[       ]
552   	0     	    231	              ""	    625.5560	   1008.06	   25.0	    00000000     00000000	   1	[       ]
553   	0     	    231	              ""	    626.5640	   1008.00	   25.0	    00000000     00000000	   1	[       ]
554   	0     	    231	              ""	    627.5720	   1008.00	   25.0	    00000000     00000000	   1	[       ]
555   	0     	    246	              ""	    628.5820	   1009.95	   25.0	    00000000     00000000	   1	[       ]
556   	0     	    246	              ""	    629.5900	   1008.06	   25.0	    00000000     00000000	   1	[       ]
557   	0     	    246	              ""	    630.5980	   1008.00	   25.0	    00000000     00000000	   1	[       ]
558   	0     	    244	              ""	    631.6060	   1008.00	   25.0	    00000000     00000000	   1	[       ]
559   	0     	    244	              ""	    632.6140	   1008.00	   25.0	    00000000     00000000	   1	[       ]
560   	0     	    244	              ""	    633.6240	   1010.01	   25.0	    00000000     00000000	   1	[       ]
561   	0     	    245	              ""	    634.6320	   1008.00	   25.0	    00000000     00000000	   1	[       ]
562   	0     	    245	              ""	    635.6400	   1008.00	   25.0	    00000000     00000000	   1	[       ]
563   	0     	    245	              ""	    636.6480	   1008.00	   25.0	    00000000     00000000	   1	[       ]
564   	0     	    248	              ""	    637.6580	   1010.01	   25.0	    00000000     00000000	   1	[       ]
565   	0     	    248	              ""	    638.6660	   1008.00	   25.0	    00000000     00000000	   1	[       ]
566   	0     	    248	              ""	    639.6740	   1008.00	   25.0	    00000000     00000000	   1	[       ]
567   	0     	    242	              ""	    640.6820	   1008.00	   25.0	    00000000     00000000	   1	[       ]
568   	0     	    242	              ""	    641.6900	   1008.00	   25.0	    00000000     00000000	   1	[       ]
569   	0     	    242	              ""	    642.7000	   1010.01	   25.0	    00000000     00000000	   1	[       ]
570   	0     	    241	              ""	    643.7080	   1008.00	   25.0	    00000000     00000000	   1	[       ]
571   	0     	    241	              ""	    644.7160	   1008.00	   25.0	    00000000     00000000	   1	[       ]
572   	0     	    241	              ""	    645.7240	   1008.00	   25.0	    00000000     00000000	   1	[       ]
573   	0     	    243	              ""	    646.7340	   1010.01	   25.0	    00000000     00000000	   1	[       ]
574   	0     	    243	              ""	    647.7420	   1008.00	   25.0	    00000000     00000000	   1	[       ]
575   	0     	    243	              ""	    648.7500	   1008.00	   25.0	    00000000     00000000	   1	[       ]
576   	0     	    247	              ""	    649.7580	   1008.00	   25.0	    00000000     00000000	   1	[       ]
577   	0     	    247	              ""	    650.7660	   1008.00	   25.0	    00000000     00000000	   1	[       ]
578   	0     	    247	              ""	    651.7760	   1010.01	   25.0	    00000000     00000000	   1	[       ]
579   	0     	    247	              ""	    652.7840	   1008.00	   25.0	    00000000     00000000	   1	[       ]
580   	0     	      3	              ""	    673.2540	  20470.03	   25.0	    00000000     00000000	   1	[       ]
581   	0     	      4	              ""	    694.7500	  21495.97	   25.0	    00000000     00000000	   1	[       ]
582   	0     	      4	              ""	    729.8140	  35064.03	   25.0	    00000000     00000000	   1	[       ]
583   	0     	    201	              ""	    729.8320	     17.94	   25.0	    00000000     00000000	   1	[       ]
584   	0     	    201	              ""	    730.8500	   1018.01	   25.0	    00000000     00000000	   1	[       ]
585   	0     	    201	              ""	    731.8660	   1016.05	   25.0	    00000000     00000000	   1	[       ]
586   	0     	    201	              ""	    733.8920	   2026.00	   25.0	    00000000     00000000	   1	[       ]
587   	0     	    201	              ""	    734.9080	   1015.99	   25.0	    00000000     00000000	   1	[       ]
588   	0     	    201	              ""	    735.9260	   1018.01	   25.0	    00000000     00000000	   1	[       ]
589   	0     	      2	              ""	    737.2300	   1303.96	   25.0	    00000000     00000000	   1	[       ]
590   	0     	      2	              ""	    739.5420	   2312.01	   25.0	    00000000     00000000	   1	[       ]
591   	0     	    202	              ""	    740.0180	    476.01	   25.0	    00000000     00000000	   1	[       ]
592   	0     	    202	              ""	    741.0340	   1015.99	   25.0	    00000000     00000000	   1	[       ]
593   	0     	    202	              ""	    742.0500	   1015.99	   25.0	    00000000     00000000	   1	[       ]
594   	0     	    202	              ""	    744.0760	   2026.00	   25.0	    00000000     00000000	   1	[       ]
595   	0     	    202	              ""	    745.0920	   1015.99	   25.0	    00000000     00000000	   1	[       ]
596   	0     	    202	              ""	    746.1100	   1018.01	   25.0	    00000000     00000000	   1	[       ]
597   	0     	      2	              ""	    749.4540	   3343.99	   25.0	    00000000     00000000	   1	[       ]
598   	0     	    203	              ""	    749.9260	    472.05	   25.0	    00000000     00000000	   1	[       ]
599   	0     	    203	              ""	    750.9440	   1017.94	   25.0	    00000000     00000000	   1	[       ]
600   	0     	    203	              ""	    751.9600	   1016.05	   25.0	    00000000     00000000	   1	[       ]
601   	0     	    203	              ""	    753.9860	   2026.00	   25.0	    00000000     00000000	   1	[       ]
602   	0     	    203	              ""	    755.0020	   1015.99	   25.0	    00000000     00000000	   1	[       ]
603   	0     	    203	              ""	    756.0180	   1015.99	   25.0	    00000000     00000000	   1	[       ]
604   	0     	      2	              ""	    762.3020	   6284.00	   25.0	    00000000     00000000	   1	[       ]
605   	0     	    104	              ""	    762.8120	    510.01	   25.0	    00000000     00000000	   1	[       ]
606   	0     	    104	              ""	    763.8280	   1015.99	   25.0	    00000000     00000000	   1	[       ]
607   	0     	    104	              ""	    764.8440	   1015.99	   25.0	    00000000     00000000	   1	[       ]
608   	0     	    104	              ""	    766.8700	   2026.00	   25.0	    00000000     00000000	   1	[       ]
609   	0     	    104	              ""	    767.8860	   1015.99	   25.0	    00000000     00000000	   1	[       ]
610   	0     	    104	              ""	    768.9040	   1018.01	   25.0	    00000000     00000000	   1	[       ]
611   	0     	      1	              ""	    770.0220	   1117.98	   25.0	    00000000     00000000	   1	[       ]
612   	0     	      1	              ""	    771.2380	   1216.00	   25.0	    00000000     00000000	   1	[       ]
613   	0     	    205	              ""	    771.7700	    532.04	   25.0	    00000000     00000000	   1	[       ]
614   	0     	    205	              ""	    772.7880	   1018.01	   25.0	    00000000     00000000	   1	[       ]
615   	0     	    205	              ""	    773.8040	   1015.99	   25.0	    00000000     00000000	   1	[       ]
616   	0     	    205	              ""	    775.8300	   2026.00	   25.0	    00000000     00000000	   1	[       ]
617   	0     	    205	              ""	    776.8460	   1015.99	   25.0	    00000000     00000000	   1	[       ]
618   	0     	    205	              ""	    777.8620	   1015.99	   25.0	    00000000     00000000	   1	[       ]
619   	0     	      2	              ""	    781.0140	   3151.98	   25.0	    00000000     00000000	   1	[       ]
620   	0     	    106	              ""	    781.5720	    558.04	   25.0	    00000000     00000000	   1	[       ]
621   	0     	    106	              ""	    782.5880	   1015.99	   25.0	    00000000     00000000	   1	[       ]
622   	0     	    106	              ""	    783.6040	   1015.99	   25.0	    00000000     00000000	   1	[       ]
623   	0     	    106	              ""	    785.6300	   2026.00	   25.0	    00000000     00000000	   1	[       ]
624   	0     	    106	              ""	    786.6460	   1015.99	   25.0	    00000000     00000000	   1	[       ]
625   	0     	    106	              ""	    787.6640	   1018.01	   25.0	    00000000     00000000	   1	[       ]
626   	0     	      1	              ""	    790.1100	   2445.98	   25.0	    00000000     00000000	   1	[       ]
627   	0     	    107	              ""	    790.6640	    554.02	   25.0	    00000000     00000000	   1	[       ]
628   	0     	    107	              ""	    791.6800	   1015.99	   25.0	    00000000     00000000	   1	[       ]
629   	0     	    107	              ""	    792.6980	   1018.01	   25.0	    00000000     00000000	   1	[       ]
630   	0     	    107	              ""	    794.7220	   2023.99	   25.0	    00000000     00000000	   1	[       ]
631   	0     	    107	              ""	    795.7400	   1018.01	   25.0	    00000000     00000000	   1	[       ]
632   	0     	    107	              ""	    796.7560	   1015.99	   25.0	    00000000     00000000	   1	[       ]
633   	0     	      1	              ""	    799.3100	   2554.02	   25.0	    00000000     00000000	   1	[       ]
634   	0     	    108	              ""	    799.8480	    538.02	   25.0	    00000000     00000000	   1	[       ]
635   	0     	    108	              ""	    800.8640	   1015.99	   25.0	    00000000     00000000	   1	[       ]
636   	0     	    108	              ""	    801.8820	   1018.01	   25.0	    00000000     00000000	   1	[       ]
637   	0     	    108	              ""	    803.9060	   2023.99	   25.0	    00000000     00000000	   1	[       ]
638   	0     	    108	              ""	    804.9240	   1018.01	   25.0	    00000000     00000000	   1	[       ]
639   	0     	    108	              ""	    805.9400	   1015.99	   25.0	    00000000     00000000	   1	[       ]
640   	0     	      1	              ""	    808.5260	   2586.00	   25.0	    00000000     00000000	   1	[       ]
641   	0     	    109	              ""	    809.0240	    497.99	   25.0	    00000000     00000000	   1	[       ]
642   	0     	    109	              ""	    810.0400	   1015.99	   25.0	    00000000     00000000	   1	[       ]
643   	0     	    109	              ""	    811.0580	   1018.01	   25.0	    00000000     00000000	   1	[       ]
644   	0     	    109	              ""	    813.0820	   2023.99	   25.0	    00000000     00000000	   1	[       ]
645   	0     	    109	              ""	    814.1000	   1018.01	   25.0	    00000000     00000000	   1	[       ]
646   	0     	    109	              ""	    815.1160	   1016.05	   25.0	    00000000     00000000	   1	[       ]
647   	0     	      1	              ""	    817.7500	   2633.97	   25.0	    00000000     00000000	   1	[       ]
648   	0     	    110	              ""	    818.2840	    534.00	   25.0	    00000000     00000000	   1	[       ]
649   	0     	    110	              ""	    819.3000	   1015.99	   25.0	    00000000     00000000	   1	[       ]
650   	0     	    110	              ""	    820.3160	   1015.99	   25.0	    00000000     00000000	   1	[       ]
651   	0     	    110	              ""	    822.3420	   2026.00	   25.0	    00000000     00000000	   1	[       ]
652   	0     	    110	              ""	    823.3580	   1015.99	   25.0	    00000000     00000000	   1	[       ]
653   	0     	    110	              ""	    824.3760	   1018.01	   25.0	    00000000     00000000	   1	[       ]
654   	0     	      1	              ""	    826.7580	   2382.02	   25.0	    00000000     00000000	   1	[       ]
655   	0     	    111	              ""	    827.3100	    552.00	   25.0	    00000000     00000000	   1	[       ]
656   	0     	    111	              ""	    828.3260	   1015.99	   25.0	    00000000     00000000	   1	[       ]
657   	0     	    111	              ""	    829.3420	   1015.99	   25.0	    00000000     00000000	   1	[       ]
658   	0     	    111	              ""	    831.3680	   2026.00	   25.0	    00000000     00000000	   1	[       ]
659   	0     	    111	              ""	    832.3840	   1015.99	   25.0	    00000000     00000000	   1	[       ]
660   	0     	    111	              ""	    833.4020	   1018.01	   25.0	    00000000     00000000	   1	[       ]
661   	0     	      1	              ""	    836.1740	   2772.03	   25.0	    00000000     00000000	   1	[       ]
662   	0     	    112	              ""	    836.7020	    528.02	   25.0	    00000000     00000000	   1	[       ]
663   	0     	    112	              ""	    837.7180	   1015.99	   25.0	    00000000     00000000	   1	[       ]
664   	0     	    112	              ""	    838.7360	   1018.01	   25.0	    00000000     00000000	   1	[       ]
665   	0     	    112	              ""	    840.7600	   2023.99	   25.0	    00000000     00000000	   1	[       ]
666   	0     	    112	              ""	    841.7780	   1018.01	   25.0	    00000000     00000000	   1	[       ]
667   	0     	    112	              ""	    842.7940	   1015.99	   25.0	    00000000     00000000	   1	[       ]
668   	0     	      1	              ""	    845.2700	   2476.01	   25.0	    00000000     00000000	   1	[       ]
669   	0     	    213	              ""	    845.8280	    557.98	   25.0	    00000000     00000000	   1	[       ]
670   	0     	    213	              ""	    846.8440	   1015.99	   25.0	    00000000     00000000	   1	[       ]
671   	0     	    213	              ""	    847.8620	   1018.01	   25.0	    00000000     00000000	   1	[       ]
672   	0     	    213	              ""	    849.8860	   2023.99	   25.0	    00000000     00000000	   1	[       ]
673   	0     	    213	              ""	    850.9040	   1018.01	   25.0	    00000000     00000000	   1	[       ]
674   	0     	    213	              ""	    851.9200	   1015.99	   25.0	    00000000     00000000	   1	[       ]
675   	0     	      2	              ""	    854.2940	   2374.02	   25.0	    00000000     00000000	   1	[       ]
676   	0     	    114	              ""	    854.8540	    560.00	   25.0	    00000000     00000000	   1	[       ]
677   	0     	    114	              ""	    855.8700	   1015.99	   25.0	    00000000     00000000	   1	[       ]
678   	0     	    114	              ""	    856.8880	   1018.01	   25.0	    00000000     00000000	   1	[       ]
679   	0     	    114	              ""	    858.9120	   2023.99	   25.0	    00000000     00000000	   1	[       ]
680   	0     	    114	              ""	    859.9300	   1018.01	   25.0	    00000000     00000000	   1	[       ]
681   	0     	    114	              ""	    860.9460	   1015.99	   25.0	    00000000     00000000	   1	[       ]
682   	0     	      2	              ""	    863.4380	   2492.00	   25.0	    00000000     00000000	   1	[       ]
683   	0     	    115	              ""	    863.9540	    515.99	   25.0	    00000000     00000000	   1	[       ]
684   	0     	    115	              ""	    864.9720	   1018.01	   25.0	    00000000     00000000	   1	[       ]
685   	0     	    115	              ""	    865.9880	   1015.99	   25.0	    00000000     00000000	   1	[       ]
686   	0     	    115	              ""	    868.0140	   2026.00	   25.0	    00000000     00000000	   1	[       ]
687   	0     	    115	              ""	    869.0300	   1016.05	   25.0	    00000000     00000000	   1	[       ]
688   	0     	    115	              ""	    870.0460	   1015.99	   25.0	    00000000     00000000	   1	[       ]
689   	0     	      2	              ""	    872.4220	   2375.98	   25.0	    00000000     00000000	   1	[       ]
690   	0     	    216	              ""	    872.9140	    492.00	   25.0	    00000000     00000000	   1	[       ]
691   	0     	    216	              ""	    873.9300	   1015.99	   25.0	    00000000     00000000	   1	[       ]
692   	0     	    216	              ""	    874.9480	   1018.01	   25.0	    00000000     00000000	   1	[       ]
693   	0     	    216	              ""	    876.9720	   2023.99	   25.0	    00000000     00000000	   1	[       ]
694   	0     	    216	              ""	    877.9900	   1018.01	   25.0	    00000000     00000000	   1	[       ]
695   	0     	    216	              ""	    879.0060	   1015.99	   25.0	    00000000     00000000	   1	[       ]
696   	0     	      2	              ""	    881.4540	   2448.00	   25.0	    00000000     00000000	   1	[       ]
697   	0     	    217	              ""	    881.9400	    486.02	   25.0	    00000000     00000000	   1	[       ]
698   	0     	    217	              ""	    882.9560	   1015.99	   25.0	    00000000     00000000	   1	[       ]
699   	0     	    217	              ""	    883.9740	   1018.01	   25.0	    00000000     00000000	   1	[       ]
700   	0     	    217	              ""	    885.9980	   2023.99	   25.0	    00000000     00000000	   1	[       ]
701   	0     	    217	              ""	    887.0160	   1018.01	   25.0	    00000000     00000000	   1	[       ]
702   	0     	    217	              ""	    888.0320	   1015.99	   25.0	    00000000     00000000	   1	[       ]
703   	0     	      2	              ""	    890.4540	   2422.00	   25.0	    00000000     00000000	   1	[       ]
704   	0     	    218	              ""	    890.9320	    478.03	   25.0	    00000000     00000000	   1	[       ]
705   	0     	    218	              ""	    891.9480	   1015.99	   25.0	    00000000     00000000	   1	[       ]
706   	0     	    218	              ""	    892.9660	   1018.01	   25.0	    00000000     00000000	   1	[       ]
707   	0     	    218	              ""	    894.9900	   2023.99	   25.0	    00000000     00000000	   1	[       ]
708   	0     	    218	              ""	    896.0080	   1018.01	   25.0	    00000000     00000000	   1	[       ]
709   	0     	    218	              ""	    897.0240	   1015.99	   25.0	    00000000     00000000	   1	[       ]
710   	0     	      1	              ""	    899.4700	   2445.98	   25.0	    00000000     00000000	   1	[       ]
711   	0     	    119	              ""	    900.0160	    546.02	   25.0	    00000000     00000000	   1	[       ]
712   	0     	    119	              ""	    901.0340	   1018.01	   25.0	    00000000     00000000	   1	[       ]
713   	0     	    119	              ""	    902.0500	   1015.99	   25.0	    00000000     00000000	   1	[       ]
714   	0     	    119	              ""	    904.0760	   2026.00	   25.0	    00000000     00000000	   1	[       ]
715   	0     	    119	              ""	    905.0920	   1015.99	   25.0	    00000000     00000000	   1	[       ]
716   	0     	    119	              ""	    906.1080	   1015.99	   25.0	    00000000     00000000	   1	[       ]
717   	0     	      2	              ""	    908.4540	   2346.01	   25.0	    00000000     00000000	   1	[       ]
718   	0     	    220	              ""	    908.9580	    504.03	   25.0	    00000000     00000000	   1	[       ]
719   	0     	    220	              ""	    909.9760	   1018.01	   25.0	    00000000     00000000	   1	[       ]
720   	0     	    220	              ""	    910.9920	   1015.99	   25.0	    00000000     00000000	   1	[       ]
721   	0     	    220	              ""	    913.0180	   2026.00	   25.0	    00000000     00000000	   1	[       ]
722   	0     	    220	              ""	    914.0340	   1015.99	   25.0	    00000000     00000000	   1	[       ]
723   	0     	    220	              ""	    915.0520	   1018.01	   25.0	    00000000     00000000	   1	[       ]
724   	0     	      1	              ""	    917.4700	   2417.97	   25.0	    00000000     00000000	   1	[       ]
725   	0     	    121	              ""	    917.9680	    498.05	   25.0	    00000000     00000000	   1	[       ]
726   	0     	    121	              ""	    918.9840	   1015.99	   25.0	    00000000     00000000	   1	[       ]
727   	0     	    121	              ""	    920.0020	   1018.01	   25.0	    00000000     00000000	   1	[       ]
728   	0     	    121	              ""	    922.0260	   2023.99	   25.0	    00000000     00000000	   1	[       ]
729   	0     	    121	              ""	    923.0440	   1018.01	   25.0	    00000000     00000000	   1	[       ]
730   	0     	    121	              ""	    924.0600	   1015.99	   25.0	    00000000     00000000	   1	[       ]
731   	0     	      1	              ""	    927.2220	   3161.99	   25.0	    00000000     00000000	   1	[       ]
732   	0     	    122	              ""	    927.7280	    506.04	   25.0	    00000000     00000000	   1	[       ]
733   	0     	    122	              ""	    928.7440	   1015.99	   25.0	    00000000     00000000	   1	[       ]
734   	0     	    122	              ""	    929.7600	   1015.99	   25.0	    00000000     00000000	   1	[       ]
735   	0     	    122	              ""	    931.7860	   2026.00	   25.0	    00000000     00000000	   1	[       ]
736   	0     	    122	              ""	    932.8020	   1015.99	   25.0	    00000000     00000000	   1	[       ]
737   	0     	    122	              ""	    933.8200	   1018.01	   25.0	    00000000     00000000	   1	[       ]
738   	0     	      1	              ""	    936.7260	   2906.01	   25.0	    00000000     00000000	   1	[       ]
739   	0     	    123	              ""	    937.2540	    528.02	   25.0	    00000000     00000000	   1	[       ]
740   	0     	    123	              ""	    938.2700	   1015.99	   25.0	    00000000     00000000	   1	[       ]
741   	0     	    123	              ""	    939.2860	   1015.99	   25.0	    00000000     00000000	   1	[       ]
742   	0     	    123	              ""	    941.3120	   2026.00	   25.0	    00000000     00000000	   1	[       ]
743   	0     	    123	              ""	    942.3280	   1015.99	   25.0	    00000000     00000000	   1	[       ]
744   	0     	    123	              ""	    943.3460	   1018.01	   25.0	    00000000     00000000	   1	[       ]
745   	0     	      1	              ""	    950.0060	   6659.97	   25.0	    00000000     00000000	   1	[       ]
746   	0     	    124	              ""	    950.5380	    532.04	   25.0	    00000000     00000000	   1	[       ]
747   	0     	    124	              ""	    951.5540	   1015.99	   25.0	    00000000     00000000	   1	[       ]
748   	0     	    124	              ""	    952.5720	   1018.01	   25.0	    00000000     00000000	   1	[       ]
749   	0     	    124	              ""	    954.5960	   2023.99	   25.0	    00000000     00000000	   1	[       ]
750   	0     	    124	              ""	    955.6140	   1018.01	   25.0	    00000000     00000000	   1	[       ]
751   	0     	    124	              ""	    956.6300	   1015.99	   25.0	    00000000     00000000	   1	[       ]
752   	0     	      2	              ""	    959.5980	   2968.02	   25.0	    00000000     00000000	   1	[       ]
753   	0     	    225	              ""	    960.1560	    557.98	   25.0	    00000000     00000000	   1	[       ]
754   	0     	    225	              ""	    961.1720	   1015.99	   25.0	    00000000     00000000	   1	[       ]
755   	0     	    225	              ""	    962.1900	   1018.01	   25.0	    00000000     00000000	   1	[       ]
756   	0     	    225	              ""	    964.2140	   2023.99	   25.0	    00000000     00000000	   1	[       ]
757   	0     	    225	              ""	    965.2320	   1018.01	   25.0	    00000000     00000000	   1	[       ]
758   	0     	    225	              ""	    966.2480	   1015.99	   25.0	    00000000     00000000	   1	[       ]
759   	0     	      1	              ""	    968.8140	   2566.04	   25.0	    00000000     00000000	   1	[       ]
760   	0     	    226	              ""	    969.3320	    517.94	   25.0	    00000000     00000000	   1	[       ]
761   	0     	    226	              ""	    970.3480	   1016.05	   25.0	    00000000     00000000	   1	[       ]
762   	0     	    226	              ""	    971.3660	   1018.01	   25.0	    00000000     00000000	   1	[       ]
763   	0     	    226	              ""	    973.3900	   2023.99	   25.0	    00000000     00000000	   1	[       ]
764   	0     	    226	              ""	    974.4060	   1015.99	   25.0	    00000000     00000000	   1	[       ]
765   	0     	    226	              ""	    975.4240	   1018.01	   25.0	    00000000     00000000	   1	[       ]
766   	0     	      1	              ""	    979.1260	   3701.97	   25.0	    00000000     00000000	   1	[       ]
767   	0     	    227	              ""	    979.5900	    464.05	   25.0	    00000000     00000000	   1	[       ]
768   	0     	    227	              ""	    980.6080	   1017.94	   25.0	    00000000     00000000	   1	[       ]
769   	0     	    227	              ""	    981.6240	   1016.05	   25.0	    00000000     00000000	   1	[       ]
770   	0     	    227	              ""	    983.6500	   2026.00	   25.0	    00000000     00000000	   1	[       ]
771   	0     	    227	              ""	    984.6660	   1015.99	   25.0	    00000000     00000000	   1	[       ]
772   	0     	    227	              ""	    985.6840	   1018.01	   25.0	    00000000     00000000	   1	[       ]
773   	0     	      2	              ""	    987.9500	   2265.99	   25.0	    00000000     00000000	   1	[       ]
774   	0     	    228	              ""	    988.4840	    534.00	   25.0	    00000000     00000000	   1	[       ]
775   	0     	    228	              ""	    989.5000	   1015.99	   25.0	    00000000     00000000	   1	[       ]
776   	0     	    228	              ""	    990.5160	   1015.99	   25.0	    00000000     00000000	   1	[       ]
777   	0     	    228	              ""	    992.5420	   2026.00	   25.0	    00000000     00000000	   1	[       ]
778   	0     	    228	              ""	    993.5580	   1015.99	   25.0	    00000000     00000000	   1	[       ]
779   	0     	    228	              ""	    994.5760	   1018.01	   25.0	    00000000     00000000	   1	[       ]
780   	0     	      2	              ""	    999.7900	   5213.99	   25.0	    00000000     00000000	   1	[       ]
781   	0     	    229	              ""	   1000.2600	    470.03	   25.0	    00000000     00000000	   1	[       ]
782   	0     	    229	              ""	   1001.2760	   1015.99	   25.0	    00000000     00000000	   1	[       ]
783   	0     	    229	              ""	   1002.2940	   1018.01	   25.0	    00000000     00000000	   1	[       ]
784   	0     	    229	              ""	   1004.3180	   2023.99	   25.0	    00000000     00000000	   1	[       ]
785   	0     	    229	              ""	   1005.3360	   1018.01	   25.0	    00000000     00000000	   1	[       ]
786   	0     	    229	              ""	   1006.3520	   1015.99	   25.0	    00000000     00000000	   1	[       ]
787   	0     	      2	              ""	   1008.6220	   2270.02	   25.0	    00000000     00000000	   1	[       ]
788   	0     	    230	              ""	   1009.1600	    537.96	   25.0	    00000000     00000000	   1	[       ]
789   	0     	    230	              ""	   1010.1780	   1018.01	   25.0	    00000000     00000000	   1	[       ]
790   	0     	    230	              ""	   1011.1940	   1015.99	   25.0	    00000000     00000000	   1	[       ]
791   	0     	    230	              ""	   1013.2200	   2026.00	   25.0	    00000000     00000000	   1	[       ]
792   	0     	    230	              ""	   1014.2360	   1016.05	   25.0	    00000000     00000000	   1	[       ]
793   	0     	    230	              ""	   1015.2520	   1015.99	   25.0	    00000000     00000000	   1	[       ]
794   	0     	      1	              ""	   1019.2300	   3977.97	   25.0	    00000000     00000000	   1	[       ]
795   	0     	    131	              ""	   1019.7540	    524.05	   25.0	    00000000     00000000	   1	[       ]
796   	0     	    131	              ""	   1020.7700	   1015.99	   25.0	    00000000     00000000	   1	[       ]
797   	0     	    131	              ""	   1021.7860	   1015.99	   25.0	    00000000     00000000	   1	[       ]
798   	0     	    131	              ""	   1023.8120	   2026.00	   25.0	    00000000     00000000	   1	[       ]
799   	0     	    131	              ""	   1024.8280	   1015.99	   25.0	    00000000     00000000	   1	[       ]
800   	0     	    131	              ""	   1025.8459	   1017.94	   25.0	    00000000     00000000	   1	[       ]
801   	0     	      2	              ""	   1028.1899	   2343.99	   25.0	    00000000     00000000	   1	[       ]
802   	0     	    232	              ""	   1028.7460	    556.03	   25.0	    00000000     00000000	   1	[       ]
803   	0     	    232	              ""	   1029.7620	   1015.99	   25.0	    00000000     00000000	   1	[       ]
804   	0     	    232	              ""	   1030.7800	   1018.07	   25.0	    00000000     00000000	   1	[       ]
805   	0     	    232	              ""	   1032.8040	   2023.93	   25.0	    00000000     00000000	   1	[       ]
806   	0     	    232	              ""	   1033.8220	   1018.07	   25.0	    00000000     00000000	   1	[       ]
807   	0     	    232	              ""	   1034.8380	   1015.99	   25.0	    00000000     00000000	   1	[       ]
808   	0     	      2	              ""	   1037.1100	   2271.97	   25.0	    00000000     00000000	   1	[       ]
809   	0     	      3	              ""	   1054.0140	  16904.05	   25.0	    00000000     00000000	   1	[       ]
