Bin   #(%) accepted   #(%) rejected    # F2    # F3    # F4    # F5    # F6    # F7    # F8
  1      40( 80.0)       10( 20.0)       0       0       0       0       0       0       0
  2      44( 88.0)        6( 12.0)       0       0       0       0       0       0       0
  3      24( 96.0)        1(  4.0)       0       0       0       0       0       0       0
  4      21( 84.0)        4( 16.0)       0       0       0       0       0       0       0
  5      23( 92.0)        2(  8.0)       0       0       0       0       0       0       0
  6      22( 88.0)        3( 12.0)       0       0       0       0       0       0       0
  7      42( 84.0)        8( 16.0)       0       0       0       0       0       0       0
  8      40( 80.0)       10( 20.0)       0       0       0       0       0       0       0
____________________________________________________________________________________________________
Total   256( 85.3)       44( 14.7)       0       0       0       0       0       0       0

