Bin   #(%) accepted   #(%) rejected    # F2    # F3    # F4    # F5    # F6    # F7    # F8
  1       5( 35.7)        9( 64.3)       0       0       0       0       0       0       0
  2       1( 50.0)        1( 50.0)       0       0       0       0       0       0       0
  3       6( 42.9)        8( 57.1)       0       0       0       0       0       0       0
  4       1( 50.0)        1( 50.0)       0       0       0       0       0       0       0
  5       7( 50.0)        7( 50.0)       0       0       0       0       0       0       0
  6       2(100.0)        0(  0.0)       0       0       0       0       0       0       0
  7      11( 78.6)        3( 21.4)       0       0       0       0       0       0       0
  8       2(100.0)        0(  0.0)       0       0       0       0       0       0       0
  9      13( 92.9)        1(  7.1)       0       0       0       0       0       0       0
 10       0(  0.0)        2(100.0)       0       0       0       0       0       0       0
 11       6( 42.9)        8( 57.1)       0       0       0       0       0       0       0
 12       2(100.0)        0(  0.0)       0       0       0       0       0       0       0
 13       3( 25.0)        9( 75.0)       0       0       0       0       0       0       0
 14       1( 25.0)        3( 75.0)       0       0       0       0       0       0       0
 15       6( 50.0)        6( 50.0)       0       0       0       0       0       0       0
 16       3( 75.0)        1( 25.0)       0       0       0       0       0       0       0
 17       6( 50.0)        6( 50.0)       0       0       0       0       0       0       0
 18       1( 25.0)        3( 75.0)       0       0       0       0       0       0       0
 19       7( 58.3)        5( 41.7)       0       0       0       0       0       0       0
 20       4(100.0)        0(  0.0)       0       0       0       0       0       0       0
 21       9( 75.0)        3( 25.0)       0       0       0       0       0       0       0
 22       3( 75.0)        1( 25.0)       0       0       0       0       0       0       0
 23       3( 25.0)        9( 75.0)       0       0       0       0       0       0       0
 24       2( 50.0)        2( 50.0)       0       0       0       0       0       0       0
____________________________________________________________________________________________________
Total   104( 54.2)       88( 45.8)       0       0       0       0       0       0       0

